1000 2000
243 464 873342954
344 482 983711550
546 683 518341341
966 740 875592385
198 655 895837844
852 595 407526702
505 678 138267011
80 570 353377573
655 739 465304117
374 215 458862815
236 23 324689743
86 590 701787435
624 367 711672716
977 836 511904882
10 420 377544384
416 244 510941618
130 754 638676182
493 326 463543171
94 985 239822546
175 906 373964310
774 311 681570770
546 177 599131954
216 588 439483654
149 661 13143350
828 596 331005116
650 148 533738523
985 473 925897815
986 785 335329136
870 166 567288148
839 43 779471198
202 365 272327749
208 156 425066402
341 610 166549720
688 891 420372118
973 950 617210574
159 35 561733417
642 941 769828101
488 962 955805667
785 192 809233774
177 242 720552932
765 932 265651737
30 171 600702692
393 905 234703142
686 871 755233074
320 899 224071122
476 869 208358070
53 837 171634545
991 535 964928239
699 185 117657711
219 12 240366327
783 313 185860430
678 78 988684410
873 329 504243117
444 877 921205187
294 787 475482941
172 826 333910961
249 553 343249354
456 77 373738427
485 711 199903033
369 687 550143218
772 775 439129989
848 969 963668988
836 322 15336130
430 547 123022363
485 478 624109339
757 670 50852899
508 122 270250197
877 67 676148104
459 572 74479946
800 538 305760592
438 283 99483120
758 772 614559003
984 190 138101585
562 40 123969312
668 899 270593041
907 994 164471343
108 80 133082605
764 847 989991856
901 462 608415416
340 514 988407203
57 177 365646686
359 771 863613343
980 345 704231136
51 651 808932052
936 684 217868382
324 873 159563786
530 978 302863625
176 128 785680545
522 952 41856302
59 622 939863185
966 94 338695473
21 862 196467305
359 24 158270348
951 927 750860881
58 208 265195732
922 140 610485768
393 50 839388852
927 762 507576807
416 799 821788913
112 860 706797790
297 531 422437735
166 266 388245107
496 552 448478471
49 486 570790087
495 32 3269089
580 998 410055057
323 606 814980628
277 285 782473505
405 662 724168671
449 482 873287008
123 201 108236949
222 743 424645580
620 250 350625953
519 547 984886142
951 451 167917193
820 648 929070372
613 129 41427174
328 878 340261640
186 67 72297068
385 894 173990409
760 543 20324072
835 728 248560798
764 293 994509374
397 102 146353367
279 667 308601448
986 631 446352476
902 391 769373820
674 29 769147245
715 312 723496101
39 342 432539874
265 349 38341925
88 511 805018920
971 767 7991556
704 308 509737547
155 956 555150664
964 686 137282959
674 292 46482126
40 545 127605258
952 598 304014677
726 909 306687496
902 858 431384952
153 46 453210160
435 390 220608681
152 516 880871551
65 108 109818928
258 186 472189004
838 578 464155185
412 559 267499075
667 473 505185188
540 129 566206315
152 590 977375580
842 821 710669602
405 268 268415491
553 544 809974556
226 56 469884953
738 593 283525737
961 787 257546489
474 852 538116717
327 516 905180117
63 393 318595559
167 940 365448118
575 635 125363435
302 600 62149502
393 138 419644649
336 730 38892775
409 649 648452005
610 576 396578690
161 392 180777790
822 508 248982457
283 539 253611816
946 994 986685391
608 618 937818419
113 141 896500700
44 15 297754244
344 163 550488019
23 811 316326551
466 36 810233213
181 169 227061316
733 935 301991292
463 825 566806456
466 844 219128394
920 46 429383545
337 347 470681400
385 240 931766115
659 108 608417393
86 267 208094382
935 637 801743862
278 383 971817192
805 344 708328864
127 902 837587443
790 953 218290210
224 801 709990674
354 684 553872134
589 947 248240599
448 765 255625900
990 980 900798001
698 127 772048207
832 575 129542757
598 950 945027841
131 284 540022034
502 12 177733291
898 847 557822510
633 664 92444174
310 672 673200900
872 666 524691142
444 425 426623293
817 592 86584899
706 475 768636629
144 253 91949007
230 513 515528739
545 660 821817741
263 579 776909523
751 113 18874230
754 876 739349995
736 281 150487642
862 828 24759755
318 317 259587557
344 784 42833190
400 299 190139288
648 885 137819403
223 837 696128461
794 952 544909536
266 936 544247222
358 97 645636451
458 797 543669339
848 563 172700840
575 572 62939040
881 446 983717662
33 420 647502909
676 974 488920204
15 156 149916357
194 97 232045325
460 502 618512290
127 660 865038104
676 454 589789972
386 343 288407164
924 896 44793398
825 164 67822173
520 991 114975225
986 12 927648569
610 454 87073064
107 642 863961319
170 835 271385188
132 558 886118547
32 279 998236967
976 507 359133381
12 472 283723970
359 626 276325977
894 895 950763104
799 213 774014596
518 122 613176065
702 908 490558165
190 267 622796160
641 892 186485811
883 847 822797967
17 19 748931545
992 512 139796407
520 909 60202592
346 635 135043674
152 274 974290866
389 307 460607666
645 269 570531352
989 44 297287377
206 639 321244718
974 208 1791390
368 330 346257385
669 446 53656287
155 902 378182041
549 526 953825836
891 120 757228514
811 975 200986614
720 230 99282371
378 105 898960008
750 444 443390609
736 307 936769538
926 570 603524859
822 270 279717470
291 363 805563396
292 768 137320048
198 904 770073612
667 538 486999008
155 747 321705160
572 485 899305061
953 22 174884162
743 251 155754045
899 497 348976783
334 777 221761100
845 131 391840860
77 188 628729835
267 523 254517869
835 321 151119114
886 703 398027679
842 140 37273136
701 598 581511907
353 33 691306363
247 374 63441225
309 654 9208230
433 632 792998641
563 639 763191807
550 559 15654168
352 641 792075374
435 701 840392723
714 543 31423090
135 694 400669515
308 153 203290916
201 994 711993158
870 991 192535603
681 647 217898911
610 563 140895207
157 293 895308554
936 332 427370272
78 736 100228690
43 348 861295445
681 146 404064348
754 643 641448086
215 742 525576739
144 425 19601036
197 654 771137979
965 832 89042037
916 478 767714639
530 543 725251881
882 647 478573604
569 961 451306777
128 181 368493716
762 852 14178892
850 626 363360022
327 882 85996897
457 616 657143602
673 451 339481490
852 546 529894797
17 489 997566379
363 92 701323748
696 875 167075096
379 766 244527881
903 963 204457429
549 406 855239657
496 960 898357628
143 451 724669832
458 412 112272957
601 90 511055104
530 935 323125471
553 661 512062599
996 194 303114177
240 591 125801062
910 61 148110811
506 225 830462467
70 786 737767614
258 816 319149786
967 111 697966225
180 220 911641726
728 104 350985491
313 243 112897945
413 155 869114270
966 988 831733233
915 610 879253535
22 469 209699169
832 660 944678686
499 310 713843421
337 628 71947965
57 155 762993265
619 817 259974578
284 422 669203008
715 757 979313486
780 970 280559237
533 942 855260280
24 889 548710294
721 343 328892591
32 143 893347038
800 496 302974219
953 460 576608992
4 738 235486781
230 334 817697848
902 260 948011148
233 637 879156633
590 465 326889688
998 118 950729424
278 47 389023127
976 297 994946497
439 474 647571164
730 762 63375975
586 255 804093516
647 27 816353237
80 617 793983528
218 409 328761656
332 735 365589831
88 683 350288852
99 60 894266905
681 550 197565187
891 46 835647399
450 787 390002491
377 832 127613327
462 207 955374854
753 696 806347274
760 858 256788488
346 697 177280999
986 481 270739197
471 322 489021070
170 972 509980346
855 13 864068862
232 193 406854952
294 473 731986640
201 855 323248974
498 761 40499764
983 132 20084549
567 482 349609967
231 823 763171394
708 473 341996644
1 534 476450192
523 19 216389769
891 498 38614677
156 267 166791151
815 334 370899658
611 31 373577149
864 211 251853251
14 699 896489906
49 495 634319150
128 693 856641831
278 330 492817357
344 639 676369930
825 944 849470332
315 417 11536870
502 425 755213870
438 284 39352279
319 60 462776561
684 496 591876247
546 223 59199206
438 406 752378485
862 609 265394507
582 423 392809306
247 685 204970750
149 839 363270320
492 174 915557819
310 365 718889568
449 137 895770541
59 182 371149751
329 592 797593677
294 547 901842746
75 607 787477232
778 942 108272328
655 40 866233787
353 522 920585621
613 426 758950835
508 78 107111985
478 133 525040048
719 453 116738177
41 839 359367013
810 465 851425986
960 562 866675036
114 203 449382794
152 180 527286004
630 917 77161159
437 190 883501930
610 272 310224831
579 654 688230095
535 662 818509071
822 917 447984653
265 818 515603629
195 513 4034787
904 987 880033767
701 467 987318510
912 597 632461410
977 770 930538142
857 87 711570974
585 799 530114621
791 141 805842286
29 983 6852846
587 408 3580673
926 885 889171882
112 82 700206813
753 125 181040193
454 427 467540831
754 121 76133215
451 14 933667133
870 136 983636613
13 132 94478470
232 810 338531341
10 520 682774941
589 101 615395880
16 201 452383043
528 708 641089761
85 876 941649036
863 731 387204633
64 479 351762149
132 596 502532745
254 999 917780245
324 300 68224965
847 459 930185785
36 366 207240499
846 463 770449864
79 207 97418521
164 298 66811535
137 737 784856206
733 207 603232179
31 305 658321029
793 920 978064818
332 889 69603782
429 415 481795683
518 990 278313718
48 339 765820658
847 19 679829387
414 897 19911910
405 380 239557337
480 832 908081181
634 515 537562122
306 667 54748107
877 719 743312669
532 651 162594176
863 904 994378224
345 955 96159265
606 237 362627122
843 275 114936554
621 166 541296749
565 989 281330803
778 482 31377155
208 115 437569705
944 74 886679854
351 567 151056849
723 108 198989567
667 465 958533770
134 513 812549472
303 980 83706569
8 583 51269909
213 977 631645404
242 888 490819252
567 515 132197992
770 137 655249073
742 146 160766316
708 908 637347157
927 841 273152573
44 774 957969346
761 783 328635784
141 226 676124914
673 649 377754965
158 684 921987255
175 430 100692225
39 686 55509946
158 370 203764031
528 23 16051068
383 676 617280801
186 111 624687449
662 184 807207178
524 93 540971393
379 261 240206776
752 401 372252670
258 432 321915456
563 50 418827699
380 400 24463378
848 89 840932697
605 400 854034419
670 156 442719360
84 416 891896064
397 284 2354580
342 491 10495920
645 720 450062806
370 530 658144207
760 383 218102624
350 176 764776836
323 345 562671139
561 269 641518412
761 551 336764906
991 308 43006205
735 647 14318677
48 476 785142470
785 433 299022815
57 226 636829227
139 421 803197915
394 261 744892170
481 634 41335152
175 545 532698521
184 896 59208353
887 709 840545127
179 896 631211592
431 93 726346584
703 750 426833174
944 665 806963626
663 878 554889110
637 396 291440627
577 516 816420393
670 837 802421026
358 874 468645896
487 385 870627196
294 526 47164999
186 119 515418013
338 681 254560717
897 651 375520380
120 465 944784734
493 764 769706601
739 688 387670674
554 846 344981253
352 547 974699739
568 329 726306642
466 52 915840389
324 472 9722788
487 457 723897263
228 226 739593129
825 642 978962260
271 284 621902694
246 135 842147909
923 830 222622265
704 520 627078956
828 313 577429209
510 418 139746956
364 560 214361172
120 721 838053565
822 572 716637965
807 56 604719090
858 757 216294596
867 827 519678005
100 232 351299214
715 958 491117669
396 468 461354968
521 123 901958975
167 180 428774506
491 296 606406228
757 80 433384800
699 398 317118477
441 884 733934896
560 900 110303659
365 183 713185448
387 266 804447306
883 181 100750573
987 54 840654810
84 598 181097342
873 874 852445733
629 989 633158705
428 52 26451917
389 538 948512049
238 548 501819213
785 480 272089864
374 442 305799668
384 943 541371792
756 110 608157678
55 99 181903103
632 669 207019580
902 499 35010277
755 283 646998712
305 43 612389672
196 92 706503188
440 347 446969602
644 945 52462552
656 134 18320909
875 225 401878120
880 795 383239220
81 302 552132092
116 440 680394430
389 852 60222630
653 338 719799369
994 901 975903826
143 78 910507464
629 871 597639870
73 59 804073869
520 580 197367944
505 69 183970107
354 714 427531550
198 116 311744976
725 713 586625996
844 747 833314979
454 511 516095155
851 218 428863328
305 615 298000076
536 700 28133646
650 422 845107946
795 105 371906827
381 101 405470135
559 557 275694348
911 498 239131059
822 31 87637789
363 582 498124857
818 396 940037288
766 472 8622715
12 169 900108904
507 697 583714690
705 988 530050930
183 398 815598640
440 628 575563062
782 873 532158527
270 52 151857016
117 736 386719039
426 933 55000918
501 653 353450397
241 889 460294728
687 460 299238297
707 200 125915161
346 864 63385420
892 934 130583022
583 606 694255785
460 387 500289097
766 801 221768569
903 170 444598267
461 684 824635486
166 771 159482420
536 75 480530897
461 369 127612027
436 923 342944550
778 356 797836204
91 189 132009605
276 576 299545854
779 751 801409008
442 197 668590588
687 314 869238592
63 285 562641295
645 741 470069032
661 265 246511346
198 313 918391089
719 452 47947710
537 323 999241662
166 470 401121502
904 837 637421830
333 674 90280600
337 566 843251999
932 600 456051851
734 885 188168431
904 972 592188076
629 514 538936376
586 342 965450314
681 45 823431318
748 896 486138377
336 348 907724410
191 451 436576487
43 601 861228075
48 146 330003514
577 650 546119887
190 469 233452976
677 624 863908702
30 375 423946831
163 793 450297000
887 969 432952692
398 606 208609369
678 813 798941142
829 277 843238898
83 35 467748224
9 711 200417741
746 367 698567900
729 283 675315996
707 441 195202724
230 490 477456103
402 412 88873711
63 617 219704082
376 360 867403820
959 355 615970901
8 729 638010142
410 420 995149123
723 917 295385830
435 63 957930053
837 217 785124599
585 880 209211806
261 61 406222625
502 122 898404454
241 147 767400328
742 251 325326735
248 348 502646699
534 347 637111268
446 331 15966302
162 257 620360710
475 352 639150801
6 494 157889903
412 374 434000520
190 344 434094960
441 982 43353697
814 816 440291636
469 922 1885075
723 388 650696635
65 818 559179179
840 702 893447648
801 299 490162062
914 411 564175957
470 435 109043579
883 692 373771939
690 294 198246918
891 825 128006188
392 572 356384031
458 425 263189290
233 104 330956042
232 380 204573102
119 619 253276518
118 113 93207202
510 47 940024616
218 640 961019337
590 93 455721374
319 793 93294268
611 807 827889006
930 931 233138668
181 582 4321429
286 966 960711075
800 613 346368105
649 353 333433860
109 460 56882327
804 149 869000454
847 23 20833575
415 192 561268093
759 900 636430197
83 283 940016916
817 560 60262967
358 932 481138762
244 51 248705147
923 285 772431225
702 735 184509351
327 971 413118932
38 285 303494263
902 152 720331876
288 985 912108804
683 561 991044876
532 377 250003385
147 513 384033669
479 689 705094237
699 60 335216735
208 514 38880781
61 805 716533510
93 350 227886911
120 872 369259707
124 245 476774337
413 521 828999576
26 532 511518649
26 467 272541838
311 193 323574693
275 690 935480424
816 184 539607896
396 250 625151686
412 297 887833348
280 517 726208547
504 976 393271852
965 649 790742225
931 763 190984879
253 239 119078137
426 616 202014145
95 757 975946910
405 540 918300146
772 925 931149976
383 797 616016422
98 44 190709402
962 33 862098075
565 332 630096428
898 140 391885032
801 906 383720883
885 814 854149113
73 313 5804644
914 907 604306197
939 773 57279318
310 105 332505050
10 65 921723247
288 14 175081533
723 194 94526323
183 255 476838026
296 537 910509818
190 746 46294123
696 941 18469751
727 453 842380507
548 982 385456691
197 396 766749999
532 564 771984207
704 903 802704407
248 366 851949512
85 122 712741015
735 331 399085676
43 612 790593806
68 612 109582054
768 512 579089457
828 943 729233593
402 559 940365069
665 550 117652797
782 675 618991626
122 246 144698021
564 949 763592163
617 929 225533691
225 417 846401457
140 709 265025567
772 157 550795231
212 59 336630219
9 645 256629555
81 136 926449810
746 434 824127180
243 359 148788703
568 231 308044063
386 917 692508144
622 698 847492346
712 539 758723810
575 569 276064130
298 200 429848229
515 402 250683959
83 308 712425219
878 441 246193388
721 374 50466975
73 551 818623440
685 624 32099313
63 117 216851817
855 86 634016332
881 949 433140371
272 634 14883288
779 137 111457159
454 106 998257050
788 610 639900624
116 160 809779048
369 259 440586069
527 889 551620342
699 307 409129555
338 176 908429006
205 702 129145440
827 48 584278864
743 677 721882986
76 213 403876536
470 561 813916855
787 459 920865814
834 540 886115300
506 917 183573076
870 120 181798376
7 888 131802420
227 78 259470607
173 758 486569296
117 193 54414337
730 323 72004889
460 544 536795320
159 899 48492762
565 207 821852302
91 530 400379571
71 511 307925807
872 523 697097120
606 385 38310559
220 458 772036978
300 47 510204480
145 537 639971281
162 148 259006403
102 558 424529984
651 502 81336632
100 219 447606553
82 203 223079174
209 590 379975310
687 377 777447400
472 767 493312168
774 653 477694966
528 773 935560520
656 645 365328540
713 472 704496427
232 78 812144034
650 360 297851103
663 927 535531811
309 205 148609999
128 339 929149079
713 957 371334973
853 667 720262090
959 889 207006788
752 738 898076132
886 160 307135187
651 687 101834848
55 683 804985015
961 351 29669911
770 343 107830671
786 824 951016243
319 526 651965141
187 47 116264509
957 831 464200669
619 714 457745
967 17 713715919
855 431 249709285
666 379 602001068
311 740 954618183
432 424 432887888
392 397 184902684
64 659 877546347
312 201 269665955
300 935 401114759
172 692 332760177
601 962 960317702
829 871 171076980
99 69 649815586
231 548 787221490
102 917 698852845
553 634 452715912
934 685 782342481
816 543 797148972
168 970 293944845
819 505 313475628
814 398 340967870
184 628 352598574
895 558 8505044
942 335 934112814
981 660 777318297
769 759 703987333
654 197 420570928
538 762 764891614
539 99 635113618
740 757 891489344
964 284 285309839
160 223 295512840
714 538 349077715
329 411 619476205
275 954 480121311
89 362 565599739
322 5 589758733
698 495 189084313
452 713 12865166
198 49 556551300
796 144 744797293
567 709 623915218
944 232 925414539
816 89 222671602
513 466 371908001
938 930 275125160
503 212 25856323
824 935 702097426
123 55 562609879
868 156 610631591
1 2 242632764
2 3 610763905
3 4 325786675
4 5 317886622
3 6 256734019
1 7 224105882
6 8 135073051
6 9 277873324
5 10 201292164
6 11 645658474
2 12 399926745
5 13 197840006
13 14 571943691
5 15 692425145
10 16 432418515
7 17 281667246
15 18 975777306
12 19 189095483
13 20 393253158
9 21 109035697
20 22 189438616
21 23 87246753
9 24 325820376
14 25 306319586
16 26 201641202
10 27 97551128
20 28 762059644
20 29 271471016
13 30 227656330
19 31 961606226
4 32 945225817
32 33 47696713
8 34 125707418
21 35 738780952
16 36 114824470
27 37 102825516
11 38 163934364
33 39 393235779
20 40 910735581
30 41 273522338
16 42 392287542
4 43 243576143
34 44 616715272
4 45 616412724
13 46 687814047
26 47 829970017
11 48 377193028
13 49 404993377
7 50 792611972
20 51 101514185
18 52 928345661
25 53 196197104
36 54 323369339
36 55 697297170
39 56 736078532
46 57 119748785
12 58 560188122
6 59 864148357
36 60 99710841
11 61 218154697
59 62 870798385
35 63 504836917
7 64 832483310
6 65 423316088
16 66 945723173
2 67 116308096
33 68 595105365
43 69 25528928
25 70 683586524
67 71 47597600
50 72 582041767
21 73 712889936
50 74 62837992
73 75 313446315
16 76 207695944
29 77 830737292
36 78 443993261
76 79 542566049
75 80 185542961
33 81 821353616
69 82 57692228
50 83 455337968
47 84 852925082
19 85 227825246
30 86 990210539
51 87 820925694
29 88 911767584
82 89 964053827
27 90 50065387
4 91 971695922
9 92 280616814
5 93 276029213
91 94 870734586
36 95 395639287
85 96 811168869
86 97 418542892
83 98 834460203
66 99 961845835
8 100 984119491
4 101 803814219
22 102 54520402
40 103 857595328
3 104 344108105
36 105 952037064
75 106 453778667
24 107 985911820
68 108 826623592
57 109 769031328
66 110 6924420
66 111 499535113
107 112 758542952
27 113 260202572
41 114 5496743
17 115 505261121
64 116 853305612
50 117 668623114
8 118 349932603
13 119 837013239
105 120 440174523
51 121 423834532
61 122 372104563
102 123 433159596
84 124 937358894
113 125 582236340
101 126 322826037
100 127 483489321
33 128 750847121
40 129 790132340
30 130 389797631
94 131 883990279
123 132 764155181
131 133 293931518
130 134 713218126
59 135 834467253
86 136 185866897
108 137 871212568
123 138 589286286
35 139 819970820
72 140 757657658
101 141 488470398
31 142 931234424
69 143 441485865
18 144 521404860
35 145 619877030
118 146 568585726
94 147 10649421
56 148 563684707
50 149 690202886
133 150 220401081
22 151 52596107
87 152 403938662
103 153 367116007
79 154 143840452
29 155 410510468
124 156 707276680
57 157 364884895
71 158 828220979
46 159 295322203
72 160 362364225
116 161 923800929
84 162 21511663
8 163 986272069
131 164 479828837
102 165 338291847
120 166 792415010
116 167 609767053
65 168 966284114
155 169 259009361
143 170 499295265
23 171 148742177
98 172 384981646
55 173 753139255
32 174 940614100
62 175 345186193
160 176 86452986
17 177 668830891
132 178 183412635
12 179 428771490
58 180 400739695
99 181 526653793
75 182 233141428
75 183 385754444
83 184 101596655
23 185 147786011
79 186 642465838
13 187 763884618
166 188 914923850
96 189 904889323
108 190 963474244
56 191 286359581
92 192 429568322
50 193 345657348
102 194 116613451
87 195 587839125
185 196 969372730
107 197 178408183
173 198 209754139
179 199 425961178
22 200 693480025
139 201 457058692
188 202 101887733
71 203 829096947
54 204 637425460
140 205 697406940
58 206 378855148
108 207 845716945
61 208 898119924
126 209 766750574
152 210 22110154
72 211 816669392
194 212 729063937
177 213 90189355
36 214 407895679
201 215 450839497
89 216 962125864
60 217 56861263
111 218 582553088
90 219 933979790
28 220 245612870
98 221 190138795
17 222 502891190
143 223 954193919
117 224 403274600
219 225 874081131
35 226 258003555
216 227 705971591
115 228 478981501
92 229 800529758
113 230 271127947
155 231 529889322
96 232 937670264
114 233 321704894
136 234 292282457
72 235 136524557
58 236 899181562
101 237 133963387
132 238 555549965
123 239 535230328
186 240 232513913
192 241 143439614
140 242 646986976
123 243 564605801
23 244 600432104
176 245 374613619
161 246 933502567
3 247 743088784
206 248 947879650
213 249 236729236
164 250 808148619
57 251 780243168
114 252 370169931
99 253 654893550
3 254 215330011
151 255 985307792
147 256 105730945
101 257 496432295
74 258 717058184
110 259 862358954
40 260 586823677
159 261 897946060
242 262 470507968
232 263 433138701
187 264 62820735
234 265 954294034
265 266 777562525
213 267 196951291
82 268 839016114
105 269 42585125
82 270 679709066
36 271 962556696
121 272 927838553
32 273 581608810
199 274 95394600
1 275 643306748
240 276 398625525
80 277 455059018
236 278 618770623
246 279 819191348
26 280 179906026
33 281 430183163
250 282 206981917
124 283 273064144
31 284 983489577
4 285 335647940
203 286 759428354
31 287 483072098
206 288 930755421
201 289 98874568
80 290 278619914
40 291 73592464
100 292 790198922
58 293 524592208
276 294 922097677
199 295 17014037
77 296 274244413
146 297 364483471
206 298 38946579
206 299 891710543
42 300 803401771
283 301 995709674
201 302 158027952
255 303 17524543
261 304 923986022
263 305 407466947
120 306 794762230
289 307 105688344
190 308 223326199
225 309 777073344
224 310 854415060
58 311 856249924
244 312 341315601
298 313 212208018
52 314 815369992
62 315 953722349
287 316 112341937
71 317 734315323
186 318 385205372
154 319 431711235
219 320 497538253
192 321 120511710
104 322 368010295
75 323 775143879
171 324 80061942
3 325 825501436
322 326 985087424
279 327 14757585
176 328 339218562
97 329 384647492
134 330 956707592
198 331 597004698
228 332 854777398
305 333 40766682
172 334 775845585
225 335 546837118
28 336 386286189
28 337 163505178
237 338 292419992
49 339 153803086
198 340 785474495
231 341 772430821
197 342 6492152
58 343 921498960
69 344 899494440
87 345 710827114
288 346 713411227
300 347 14294984
262 348 470743986
197 349 434399590
264 350 318119576
28 351 156316676
97 352 142933152
161 353 899251192
16 354 635290721
126 355 897353952
304 356 664962061
77 357 623962335
286 358 638801193
21 359 586335185
188 360 501324830
105 361 812975939
344 362 185188557
45 363 164922730
11 364 387490210
94 365 201970180
208 366 132226364
188 367 662010725
131 368 657942592
166 369 300591485
75 370 563406173
57 371 763791407
89 372 213480732
287 373 39959497
11 374 648447355
92 375 115265512
161 376 191829502
200 377 644830866
243 378 802641447
368 379 601807345
253 380 114259710
210 381 313503829
244 382 990920359
290 383 938887413
58 384 534070439
323 385 326006056
33 386 34809303
209 387 557494123
306 388 806072483
60 389 497572872
191 390 444404120
298 391 464365733
206 392 490120674
305 393 933586842
44 394 806571700
222 395 250295376
315 396 99109183
350 397 978591866
249 398 185633601
203 399 825067397
340 400 260130734
351 401 130504957
401 402 664898456
280 403 406793800
109 404 929534942
167 405 771148412
144 406 319559596
80 407 186714779
8 408 88952676
293 409 286080796
51 410 345856507
382 411 206143992
325 412 776126817
235 413 387762197
165 414 418198264
170 415 411895398
129 416 17451440
192 417 815910013
188 418 380211434
219 419 907592952
300 420 134269061
292 421 721398152
252 422 170319454
82 423 338473948
171 424 952400797
73 425 977267547
237 426 638849545
219 427 263557084
140 428 412742623
253 429 856129866
146 430 101919794
11 431 426119020
302 432 171184264
222 433 863828394
402 434 745092247
13 435 77506349
317 436 716356565
36 437 324638733
322 438 93483226
163 439 457828858
395 440 563348264
318 441 729057046
10 442 417749351
81 443 888079725
75 444 858149039
438 445 304098489
338 446 917002203
141 447 443873511
331 448 606446221
175 449 477446
195 450 875154665
138 451 296215576
153 452 621974662
229 453 969506927
193 454 944467659
244 455 547057159
233 456 954487584
345 457 305395091
244 458 966048033
435 459 465349790
181 460 737176398
231 461 690366598
312 462 638318940
94 463 840937130
346 464 623462812
202 465 264150164
253 466 726351274
236 467 776695659
378 468 726433234
311 469 45265294
302 470 701833304
242 471 975514773
37 472 533588253
339 473 697332114
290 474 790996157
251 475 752752352
465 476 141471414
285 477 847902033
261 478 78283936
25 479 889047047
323 480 387525135
424 481 438680276
378 482 459041316
64 483 538076760
227 484 852772212
15 485 940021453
321 486 92552493
244 487 769510838
143 488 171969594
41 489 908504406
357 490 163374664
97 491 928728614
438 492 841856864
168 493 812207676
454 494 825836817
469 495 786127569
230 496 335269053
45 497 301767882
266 498 266784034
238 499 393693843
41 500 377614501
102 501 340208910
76 502 775544692
106 503 975504124
495 504 991344913
324 505 746735775
456 506 405541450
409 507 755539937
469 508 18399046
278 509 790788586
455 510 392347800
329 511 250446680
33 512 990042115
450 513 242495992
245 514 508686060
2 515 587487307
433 516 818239775
206 517 768294578
225 518 166682070
203 519 267587706
467 520 998229947
306 521 291810736
117 522 303987407
167 523 453600260
334 524 799386595
236 525 837215869
381 526 921981856
284 527 214488175
438 528 482063801
142 529 500017501
131 530 153973070
65 531 312702004
263 532 851181853
231 533 15654044
253 534 228962686
64 535 110482367
390 536 874345427
225 537 33438028
359 538 591276384
530 539 693018624
538 540 933893679
251 541 677895062
79 542 547183122
316 543 651287400
425 544 221257530
23 545 317834111
189 546 222373777
505 547 509569152
481 548 533925464
74 549 921769262
26 550 760917525
485 551 307217121
146 552 455195252
50 553 205531060
544 554 964970247
114 555 410859975
79 556 753738407
407 557 163949913
19 558 534153817
556 559 765980182
319 560 801337696
133 561 982542430
241 562 911180158
200 563 644674528
366 564 968197898
325 565 546500169
362 566 174117575
232 567 615557743
201 568 212596277
378 569 190593194
564 570 96358221
385 571 50192588
540 572 712258371
483 573 751727206
215 574 311057503
116 575 901980361
94 576 56797828
318 577 930083452
117 578 765985633
153 579 143597701
526 580 626504686
391 581 266826576
152 582 292618555
91 583 755930235
36 584 358706228
538 585 924201329
55 586 459184703
178 587 898090752
233 588 133360509
29 589 551810783
268 590 92985485
411 591 307052628
505 592 900483971
378 593 321251035
592 594 835835396
161 595 995500325
424 596 573826365
168 597 873131300
21 598 419292830
352 599 653928345
105 600 290162695
40 601 134118857
186 602 442981476
527 603 229383638
535 604 788923471
129 605 933078888
594 606 545182926
552 607 49030409
257 608 34286515
367 609 446470398
470 610 231711919
426 611 246198766
298 612 438750129
545 613 751405353
259 614 154518680
290 615 130096346
134 616 365721291
162 617 322763254
168 618 181566152
42 619 507941184
197 620 428563763
158 621 467043105
491 622 4647308
488 623 467503034
262 624 834579184
405 625 409140198
189 626 932361517
189 627 466035604
459 628 806683012
231 629 642971712
583 630 557712468
460 631 768017360
600 632 464177432
377 633 640942009
248 634 244554994
583 635 397526702
238 636 959979812
3 637 589147821
49 638 498889648
562 639 95849913
255 640 764512916
355 641 479321364
416 642 650685384
83 643 271933769
139 644 327667569
589 645 385692106
131 646 629196410
612 647 258297996
102 648 311301898
627 649 743373140
543 650 618133232
194 651 635834389
212 652 471074972
315 653 822426414
98 654 948983204
334 655 729099224
295 656 874931578
654 657 653854349
131 658 55436362
29 659 267914941
283 660 550265777
52 661 460952746
471 662 253240118
451 663 418863010
101 664 47466809
175 665 78723977
270 666 898065226
168 667 486504164
640 668 699191955
668 669 102077509
46 670 927393364
455 671 107466601
28 672 804321273
80 673 260449232
15 674 212199422
628 675 478335268
360 676 674298367
425 677 782107457
495 678 619265587
582 679 964284963
537 680 900379328
339 681 147837595
299 682 29007370
445 683 480066319
300 684 11784838
578 685 132777750
551 686 832438055
296 687 924180286
383 688 95740142
638 689 16141793
409 690 103420844
374 691 107674672
185 692 991163284
370 693 99059570
552 694 704180377
267 695 370543521
479 696 117986361
664 697 292143179
313 698 199618490
167 699 586540808
539 700 205896556
436 701 906751552
634 702 253181450
193 703 385067433
479 704 504338866
175 705 161862464
57 706 907740319
142 707 646524178
48 708 470876714
599 709 104216479
177 710 656483091
612 711 298360365
349 712 295075774
524 713 406176219
178 714 102083683
702 715 359349953
37 716 593669825
617 717 762587623
245 718 527224676
27 719 832321403
438 720 171558942
395 721 971431153
150 722 402515106
513 723 120271997
423 724 704813052
477 725 642752170
237 726 671499978
182 727 73900634
65 728 623659753
550 729 418148878
251 730 325727377
276 731 292303530
60 732 290590334
443 733 221115054
639 734 96557346
437 735 504192776
299 736 56572813
216 737 464011893
524 738 426941438
101 739 331774882
626 740 819201219
401 741 108179700
695 742 432594792
593 743 381983035
656 744 219543251
268 745 836771876
30 746 270673486
700 747 750707895
13 748 389979933
254 749 389690292
728 750 112879532
15 751 602749729
233 752 148407513
734 753 932116175
392 754 360927613
96 755 598842676
593 756 522605241
397 757 931767136
213 758 891637784
440 759 514733153
496 760 64801815
303 761 426045921
483 762 677611554
508 763 309303130
533 764 787772825
637 765 855708574
656 766 380446701
406 767 765373464
444 768 830871132
676 769 692219008
24 770 242450025
305 771 901807716
63 772 38632345
181 773 333317456
702 774 671726468
359 775 188778717
291 776 575807440
349 777 78899334
555 778 395861784
330 779 578566019
772 780 598000747
479 781 62204301
244 782 336472911
111 783 236793790
100 784 402516463
320 785 527036810
275 786 170110092
684 787 293695461
274 788 366249884
310 789 176158117
738 790 327371477
690 791 451230531
199 792 351616405
77 793 212563925
404 794 287462074
768 795 761832616
769 796 930300045
498 797 788290337
669 798 609452474
603 799 657964903
439 800 749571310
41 801 194653295
674 802 909019952
343 803 835186919
357 804 269335676
713 805 371624642
255 806 642017975
801 807 734809508
270 808 713642882
390 809 604320017
539 810 804865299
525 811 262383030
793 812 718108538
574 813 274586495
382 814 758636699
439 815 470214628
7 816 27779890
663 817 217191985
650 818 795485983
241 819 795740703
229 820 181525364
541 821 975442057
721 822 907443281
226 823 147819921
198 824 695668018
503 825 535441915
535 826 355170988
165 827 653242915
463 828 206915116
414 829 674808392
757 830 187595738
775 831 88178055
717 832 836797716
513 833 640441682
188 834 101273252
86 835 105444029
301 836 878546237
215 837 138045788
452 838 548657743
602 839 983471900
168 840 582982590
223 841 792942805
409 842 531926158
284 843 995640030
479 844 668378907
585 845 844308893
276 846 20346594
598 847 313323298
729 848 343496815
157 849 775161557
632 850 938321799
496 851 769003891
535 852 141312274
548 853 328074013
150 854 459947995
613 855 901955547
505 856 26282943
500 857 330408800
142 858 479651909
382 859 405568861
764 860 177665859
650 861 541495073
365 862 494304156
147 863 843175686
424 864 735677854
610 865 137468475
552 866 239117076
564 867 104827252
419 868 304869291
634 869 993863725
351 870 842548639
221 871 575785434
535 872 552690768
47 873 568240097
35 874 77450970
495 875 121052813
135 876 593956894
859 877 727210742
615 878 239547763
558 879 396516871
452 880 230930551
312 881 748809350
302 882 35694355
661 883 410141041
601 884 902507588
84 885 266201199
871 886 702661571
645 887 967835312
417 888 218907915
806 889 200611096
463 890 341957847
520 891 627874276
302 892 744114340
64 893 813619134
647 894 808357969
284 895 742885493
827 896 470377818
134 897 422612024
784 898 478334416
843 899 796671645
550 900 655508886
286 901 362805572
7 902 603736565
569 903 696801644
267 904 899925002
336 905 396985670
99 906 975989061
1 907 447486801
868 908 124069457
712 909 789270938
166 910 462159007
810 911 643724835
114 912 981167900
850 913 670462804
473 914 682775572
305 915 680952233
630 916 377928157
337 917 836916623
656 918 357584218
283 919 248659106
518 920 606115047
364 921 851065647
167 922 425465776
252 923 655976264
44 924 793467421
145 925 969254956
38 926 682374728
680 927 189756260
248 928 655845658
644 929 757069659
138 930 132770601
816 931 188576969
240 932 340858064
351 933 981811122
210 934 754581152
95 935 958197345
274 936 733485755
777 937 654428436
203 938 304275490
577 939 586745787
903 940 442163077
340 941 746043544
584 942 84154293
607 943 310301704
316 944 494660140
578 945 904706639
803 946 181762777
417 947 9354412
937 948 859633834
196 949 244793999
737 950 699739631
210 951 604436031
818 952 390477345
790 953 615914424
770 954 603433763
221 955 12688155
608 956 573592449
570 957 193386110
308 958 203314641
62 959 590413411
127 960 738639533
435 961 618353843
631 962 531365742
677 963 446387077
652 964 534676262
612 965 63008903
946 966 596183794
656 967 160342858
783 968 657689652
514 969 547943515
249 970 770049470
682 971 598069595
150 972 523835532
471 973 10549761
883 974 7130885
577 975 617984325
124 976 773710966
64 977 677036678
109 978 609021618
117 979 635841544
382 980 279596669
607 981 979129725
945 982 624317907
613 983 852017176
457 984 260478092
300 985 988673985
799 986 840366974
928 987 33170925
596 988 19570846
213 989 415797955
79 990 500254780
915 991 953018625
987 992 343322339
77 993 27409486
736 994 469060591
509 995 875509092
893 996 311205993
288 997 766461395
448 998 290673211
244 999 454179768
658 1000 108496196
