1000 2000
174 355 840479373
346 557 659003662
251 720 560425314
802 715 145008137
76 942 549227429
270 175 807903763
755 819 354439686
836 468 448905242
15 926 399931247
972 822 993214401
884 885 536863743
570 233 147441252
446 916 813334800
912 770 823920154
418 77 775586353
585 995 950805678
789 763 911195950
415 163 414637223
891 69 805060101
878 204 506319423
233 26 507327728
919 275 556616812
531 839 677284191
254 939 351118043
128 930 136433915
452 907 353716721
49 531 203515557
661 940 496928714
853 605 756227190
579 716 241329466
576 17 732375485
210 461 874612176
303 804 179468805
418 310 158683599
845 532 718671631
648 681 302964788
897 71 372882641
741 812 348855221
974 532 482391167
310 185 673417149
994 303 870179711
138 21 711660657
640 186 266321267
591 900 54727087
902 847 175581748
509 675 855163915
559 383 667892178
433 125 741623505
522 894 773707158
459 151 120757255
201 148 573474561
265 692 311601001
971 973 793796555
474 418 990734700
267 114 571010791
484 995 299144510
847 886 460531579
559 741 729347521
937 850 699729896
703 618 954060436
153 498 805562313
557 240 212033291
745 117 777682669
158 666 175806770
336 601 957143133
563 989 78171087
896 805 776473690
496 629 367686494
904 781 936854621
165 109 480599828
210 257 253700886
408 706 351271134
766 438 977827694
161 561 962411360
301 836 978423173
725 909 500671736
551 494 572692662
499 850 12614841
590 781 728773776
978 380 40692594
16 110 924699612
297 513 327118758
17 311 206285467
261 266 825462162
831 622 516376581
783 518 250081579
452 714 928474764
99 343 40354590
447 335 271825112
474 595 400139727
11 911 95996362
233 509 126117468
887 924 922279035
728 97 841778072
468 855 34255930
564 716 325126929
219 452 565123986
917 257 943245580
732 91 279422275
329 301 615652229
504 776 324695621
143 196 278345521
24 852 223434442
420 777 95734909
971 570 432008250
178 107 588691853
196 155 180933174
724 2 463323455
105 27 50491030
19 422 381053990
605 897 446815852
972 736 826159504
447 347 82912256
528 911 857866371
362 183 576135379
618 205 26016696
523 139 393708445
445 7 92255655
109 191 930289744
851 265 486446716
568 750 596991763
567 903 507782172
598 800 937971274
772 893 616761634
229 355 421846666
996 648 897767908
72 85 768401573
410 890 926267247
126 827 741263781
616 242 819541895
377 477 811335114
666 442 660129706
872 992 582229132
41 968 585350413
974 635 975507869
793 909 567410842
320 635 249825508
555 17 21015800
115 463 813073029
339 229 228898180
972 916 318109909
435 519 784593233
630 746 377215078
167 241 412893997
759 77 659014658
287 707 461123484
99 549 555699625
856 20 208955357
456 998 836527251
595 245 966949602
800 401 141192753
725 735 625140568
923 65 856274222
205 24 809873062
490 839 107804775
537 514 413712614
125 495 108565751
961 323 905749486
117 360 170371887
450 470 976487755
235 896 800999062
260 840 550350914
927 285 225806831
725 100 190407886
722 669 726559282
228 320 524189862
621 160 372990606
47 382 389041462
991 569 169099117
429 188 728287649
387 312 363427441
324 332 112134599
864 330 402161009
349 269 663384890
991 952 795785342
547 871 86948168
360 468 987655138
176 795 989754101
486 495 17719069
191 457 977939967
574 902 871510247
603 360 707881178
84 664 433859121
239 802 444123059
454 753 57236261
756 853 140162926
15 114 170299426
46 652 120632232
749 279 634694339
759 715 623353782
627 1000 785692118
666 430 752300197
256 361 174243942
985 411 566186297
174 834 722564530
792 251 98973424
228 207 158848052
840 382 862100733
757 281 279017628
165 172 837236815
159 843 898962132
632 748 525013384
36 326 387160315
662 57 389642759
956 510 713412204
663 103 486235105
250 66 181603765
864 675 442476256
194 760 479568800
561 72 191783308
849 342 526832431
143 27 619055391
53 18 217330840
604 16 755137168
289 532 372993103
610 979 854994315
802 983 928124411
355 520 948311668
964 179 315609212
516 51 725240167
278 645 391722988
990 489 500273467
698 93 506216604
580 52 867005052
831 696 560525586
391 619 326281070
678 444 539195155
317 176 75180815
800 847 924886165
477 48 750312211
710 784 277406665
669 327 217228005
1000 395 148547608
837 361 880031918
159 289 776060452
105 450 376226887
426 390 268967619
978 615 77288518
197 410 99407369
102 627 178307575
437 121 853429053
348 435 900961633
750 411 647776735
697 10 139233086
837 588 900666280
429 341 269585412
438 325 456818059
358 240 537568481
447 225 495615918
372 152 674471607
899 121 89292147
236 223 831165477
425 64 415967603
790 539 62255231
122 960 185441662
406 847 285394
670 835 5634718
382 824 664385762
999 435 567585810
586 153 722659116
149 523 724233555
43 680 311399654
40 291 529690643
542 591 834246139
225 928 655642427
874 387 223889680
546 521 85324522
637 489 40460419
449 908 806614138
431 468 184602984
161 71 113867643
781 776 196501900
801 23 135945911
367 242 557408627
747 556 869202221
603 149 824492378
102 779 332251670
984 463 691345462
629 667 614884325
467 634 85868724
798 416 170445887
406 412 171441209
379 491 65691145
420 448 426160609
828 240 127703641
526 226 374933889
691 687 397677439
666 94 755803045
719 484 209164039
790 690 39766164
929 663 969203887
817 159 346672200
450 404 294709873
371 940 696625015
540 587 619752829
767 243 656930190
244 146 437416252
880 723 717421746
758 878 879591247
778 452 313122495
737 766 343488654
620 22 661042505
703 368 97659916
885 98 167267486
694 402 45760015
524 623 321959363
634 562 447809305
846 958 970589557
792 62 230760418
635 278 470044455
653 574 37476956
690 906 814764807
29 260 988799152
593 430 187343865
964 147 117448764
821 470 805883547
200 341 226458268
568 447 579998272
501 59 717234079
110 771 737252599
384 577 600962126
519 345 882903171
797 911 19961578
761 474 223731809
881 498 335875051
363 958 673225159
768 761 102626052
98 261 307989920
1000 984 212476955
223 263 791109008
356 912 637970513
511 852 854815479
930 669 982322433
683 941 245157352
845 855 923459514
398 641 21350703
60 194 301577541
417 8 942704466
505 518 256273315
946 716 181153678
84 607 940381197
752 915 439432917
301 902 597271282
9 566 10374359
853 462 342297341
68 333 863868407
214 407 434751758
192 569 266025043
486 839 56452925
51 96 511166142
344 700 613517276
956 156 633923015
611 820 496531059
169 917 653062577
161 37 881293506
169 611 351163512
152 205 893519812
620 628 55771603
53 131 149514664
286 692 64035374
437 148 382052055
272 136 605884846
898 712 636276210
822 202 288314670
508 322 57763793
218 352 789778757
685 387 156036230
840 381 428959806
75 871 622137433
416 759 945357855
386 510 167269579
119 167 434331299
920 653 852735636
934 500 357141826
671 970 550967718
945 127 660384293
446 956 575161897
665 16 342703667
689 825 255252605
515 489 410246921
92 438 37963069
575 534 935641595
12 394 352898871
722 763 30329877
342 915 316113526
876 302 183994908
582 360 137148474
795 312 342202254
905 229 676809980
278 312 313103263
187 787 344170859
83 512 931932476
962 341 299870578
161 470 284226312
945 596 737676080
230 12 582226275
879 659 288486144
130 385 42997344
781 283 975970929
427 598 984117962
915 137 24445514
423 2 385948457
836 859 53506193
117 590 44992184
709 367 696070266
84 698 364860012
786 100 387216503
714 102 60485361
217 447 98062386
55 609 765571245
948 488 769138059
311 742 226268861
963 74 870581402
276 193 668061684
833 998 817561777
393 103 231737056
987 568 96025431
8 628 934900422
852 432 640957262
621 626 473359777
851 810 86842000
937 673 875733800
730 47 241758540
472 769 496164039
289 267 367127275
259 161 295005090
58 117 814812685
719 796 667296662
987 385 383622539
788 167 520986680
159 97 938394744
679 804 1694933
292 160 938448667
272 634 117438578
182 118 479687413
460 731 299155658
163 455 189058494
804 637 286797652
205 611 670721895
836 769 814339388
876 407 937708825
70 239 890102117
785 715 541145142
797 608 701810543
276 451 590492757
522 666 475597740
367 62 861100615
722 919 225864234
256 713 535728406
933 558 28354477
531 341 976668674
401 529 741928883
397 349 477443203
501 838 586921327
243 465 13383754
439 207 61961168
825 861 600860736
167 337 68702073
27 131 422849927
273 296 896157126
7 205 80992630
22 362 308527823
913 684 627223710
348 511 767808350
614 412 381185481
97 552 579849464
218 373 10484726
132 101 492610779
690 388 666381408
229 677 899699194
258 591 658217076
296 874 217637124
832 5 514343904
846 569 857985115
527 596 453489536
491 831 748472094
973 272 926009199
681 615 191967522
406 907 67365885
459 261 924311537
559 56 65169332
19 686 231593939
947 407 305717330
886 302 761144515
25 316 240169683
802 937 213935477
52 895 550868071
271 106 318678359
514 829 738923381
19 895 458214030
413 958 453576608
644 794 199619574
117 821 397733311
506 98 528130595
68 828 213498339
649 232 568543076
593 597 379365973
36 882 905329596
270 713 134548374
117 212 920982762
2 333 230737503
958 482 643684191
504 360 847892641
844 159 258098250
797 943 835564163
750 961 502970767
966 681 51762023
610 923 354005964
1000 475 268654054
121 169 574867541
509 389 289853904
590 104 6860343
838 299 999784750
634 675 378336566
892 717 212019266
59 455 499580112
374 416 112841091
745 864 879318840
182 891 101338786
415 441 466806108
299 874 182509960
184 729 202058465
545 150 78098774
351 800 863736099
28 171 744514149
70 502 32724535
721 384 261922885
104 709 410797801
869 651 343692479
919 754 562717887
132 691 800673236
167 343 870389237
507 996 216807869
129 948 352470401
734 470 785306603
233 673 539351822
948 694 629583365
152 310 582690049
430 828 526182124
443 396 814070136
545 475 96008674
477 195 913483898
522 920 136782271
257 547 363788746
614 603 680589198
497 479 25090750
546 13 588966934
625 115 280224059
700 692 447408916
837 981 933259931
827 928 898916926
328 321 650433201
98 399 823438405
998 973 551602375
162 130 287927759
177 966 747139744
149 254 2771322
760 889 584356727
779 467 945829086
579 450 769025023
864 984 473562761
736 273 930175074
676 573 790207233
169 640 733010755
34 848 472642503
476 182 18962366
938 657 63717199
834 424 5024612
7 262 598382089
784 50 945452608
145 832 235840093
881 882 703287766
636 899 24178344
898 710 403178528
392 50 524173889
365 81 207005072
455 945 295240823
967 330 405434386
226 593 326309264
113 396 378661384
996 567 954623181
227 207 110881101
133 237 7968099
660 150 659803444
432 176 753082753
19 559 373458054
941 817 509029965
42 702 119152776
825 52 757561320
37 994 231428853
913 316 84434278
655 246 509865725
66 140 973494232
430 234 888751181
844 199 24684356
130 440 568742408
130 218 634380711
658 279 109387719
620 45 376843003
39 35 879560606
13 221 164007468
134 506 620397079
390 637 281739042
986 137 385258806
753 504 992447931
400 926 747833204
742 529 31522255
178 139 914710726
298 307 912677165
749 881 905496212
26 601 463377818
971 442 808854978
365 16 32494805
257 846 116288684
295 767 979123094
121 463 16411428
775 558 629642634
642 517 326750323
410 228 583780186
427 587 747766623
237 664 56491171
668 376 515505951
664 337 971719164
205 335 244169321
597 334 229518069
628 624 519034470
653 694 796819988
76 692 412836794
243 561 572483798
57 436 117615485
831 245 161616564
141 435 931877189
589 266 410578716
973 832 988405788
75 375 655941493
692 997 298835075
550 322 104130334
63 298 838720630
78 5 608269421
928 795 436914536
565 723 318732465
924 125 648334916
988 687 920698673
197 93 867077227
694 69 765288746
776 426 850295738
587 167 733039062
712 334 371802498
478 41 238853986
177 73 928234383
840 13 826433780
494 230 602169123
43 656 78960557
499 795 270985721
304 947 537881248
388 93 325148739
113 596 306654687
644 434 347287725
375 474 662359665
239 470 551927641
29 908 361512531
752 343 570006754
539 371 49837436
67 696 524793179
853 963 749478106
685 18 940653134
241 694 961560406
463 534 114773694
684 921 433819086
736 588 490993958
206 429 165401112
311 423 136402553
377 224 597573379
108 751 833259810
614 33 618994517
720 726 280993027
409 527 237106126
401 635 724851318
48 851 219092517
359 906 406339663
967 961 356945159
242 986 358040536
503 587 91101469
9 237 727536598
130 294 505932035
148 244 677867392
105 99 713085266
971 128 413987979
270 727 278681
325 890 179189282
50 723 243497053
546 148 723384039
376 293 768187677
57 526 964203253
552 142 587645265
819 963 608251871
230 346 639324263
814 521 292325039
928 11 754243013
763 356 195893480
812 565 65713612
729 483 519839109
399 451 960264913
559 633 67924216
391 377 525428259
382 285 967387437
178 289 815514632
773 411 10184327
396 422 532211903
442 697 332862943
181 236 665813378
296 251 155658890
897 582 693598075
915 479 748800591
438 366 682432722
670 985 83483765
154 144 431210920
158 409 560877237
106 671 427561490
884 280 863867201
956 527 683414303
519 983 896340421
414 89 778367959
999 568 204233827
476 515 895756598
355 443 105719477
911 205 397233716
324 306 237101008
376 981 472320450
976 101 541030460
641 740 357883331
56 839 184133887
588 54 776042264
427 742 816463249
162 254 903912088
369 263 489524965
29 448 494434833
824 184 865903719
486 869 421343048
50 293 427010298
313 787 744313088
748 140 105360375
796 738 993891563
753 744 896886322
924 472 697923772
46 10 1393141
687 533 165746199
171 547 42369795
771 472 332594844
912 51 128864920
581 848 919478496
590 925 28032101
827 28 459341685
305 937 641077142
275 756 197268190
61 105 39718860
449 374 818878365
958 316 905039908
350 210 726410023
814 102 380495663
179 133 332567787
19 214 213130489
418 66 299441998
574 822 451919620
901 188 956910003
374 591 503990603
533 486 253657453
739 691 773498432
949 4 280821453
51 441 420081359
44 727 385823512
552 444 875077979
46 956 322487950
400 652 933649084
164 309 460576356
660 995 357686856
935 895 771633099
945 337 219796169
753 506 153662441
746 297 255772800
868 612 583042525
724 162 177804585
569 47 119033789
88 903 875604983
307 30 786777752
533 976 593431444
673 140 430296948
428 598 891055908
952 902 612146513
946 907 475650113
446 107 486192678
753 191 401156349
64 603 986787040
255 852 806201315
532 405 210718567
782 683 949259511
408 767 384577947
186 253 781697715
553 563 612548432
598 755 945973001
269 76 968722007
607 510 60982885
890 509 927945588
207 240 314002089
789 426 976483945
12 225 642422577
788 61 678553835
247 843 526394573
588 418 700527529
997 918 612761034
676 932 192386634
857 77 76905706
639 62 285932397
440 198 234057321
574 682 956392103
308 822 451827703
516 565 356225416
282 91 587735490
344 657 715655576
563 657 419396202
639 898 70902868
935 902 699282443
935 778 616352308
605 950 633182521
149 189 538291109
300 7 135461628
256 405 647425807
606 493 422931928
531 56 143212753
711 719 156733897
495 437 228359489
178 65 995217216
415 466 642401455
877 152 371909929
298 865 689114719
16 521 116109030
661 766 482463891
665 851 411778386
710 714 193963648
979 664 746616512
538 75 549627477
747 743 697108474
728 994 596075832
738 29 858948675
203 156 198346569
142 152 785658965
636 938 669754783
481 58 725822565
878 434 963092040
631 508 804054044
864 723 291545418
700 889 977952669
167 396 577744805
5 62 26145668
857 174 355057487
834 217 747331298
627 925 369611832
234 135 400089667
628 251 212643908
815 396 159636136
391 389 316981078
261 447 136281230
629 987 40861248
175 227 255297765
273 205 385960916
171 592 783957787
539 745 205864664
905 663 923403792
317 6 924659978
672 985 374413858
969 148 619491874
321 529 669963551
440 665 412705486
809 38 268812631
180 110 218939061
316 458 571089545
216 160 413959284
445 478 358905073
27 464 881348261
70 683 50835265
49 435 364426964
966 218 76686501
969 522 780127369
534 901 929511360
424 963 899327555
235 380 29935531
252 942 632472952
672 601 404753913
618 609 949039256
137 228 97694390
921 357 154114567
337 464 493471589
645 263 990082344
452 964 535525632
229 399 269043277
589 851 714515961
269 92 283632584
106 52 197972283
652 798 398852575
875 506 108278314
415 947 79267792
647 389 729539999
68 547 904416723
503 584 976733166
184 220 373928213
265 793 536690402
306 695 375166143
822 509 566508477
566 872 334579694
660 705 133925946
19 674 137279417
541 73 88017035
149 833 971514160
830 677 893668700
699 934 111664471
297 535 532019408
834 863 138964016
243 310 141780096
392 268 388434865
47 710 266601598
546 43 659105222
625 510 62607961
407 908 411641177
636 73 787158800
715 14 929139015
596 189 861649184
333 88 862282088
349 775 90963577
289 929 111612042
994 757 409894793
143 441 217422196
623 659 14306865
609 389 347965412
440 518 676400587
817 327 585337490
455 900 10597931
193 540 527068203
729 234 325435292
913 165 293352535
490 252 496816351
445 94 409286069
405 521 243418928
420 753 367778523
589 68 190548035
370 964 541435736
71 877 473390657
94 911 832263603
453 165 532320717
285 895 371247723
340 78 243378946
549 566 149871094
959 153 387754867
531 257 603188163
10 973 484468265
127 784 204180536
944 63 403549354
490 138 237496757
309 652 313862894
446 470 731596177
453 377 680913001
990 979 954098714
683 467 628607749
818 856 572592022
611 728 293165861
789 365 487867718
129 364 338087076
950 673 274874718
175 853 124738006
354 657 629174798
747 352 815144835
505 935 230845821
246 832 734339567
972 857 49329611
990 686 896135382
965 118 503043083
213 44 711673961
600 92 177504592
304 810 929403476
426 869 573691550
465 633 591566521
433 629 362833907
374 674 860994867
996 486 240642889
104 536 410185940
766 52 547910541
140 609 178395688
351 938 163597733
725 42 292586545
627 971 297720178
672 576 697746793
377 961 134333129
830 263 510459845
29 809 203197560
22 871 977169839
183 693 413705799
304 322 933123848
377 673 900718325
27 919 923449132
277 463 230408760
360 50 278702573
325 139 773987775
1 2 894820302
1 3 208475935
2 4 108270386
4 5 523570604
3 6 218884404
1 7 215415326
3 8 580143913
1 9 852579919
3 10 369225151
7 11 695466762
1 12 252744980
7 13 583193353
13 14 710078342
4 15 229933277
9 16 678977426
11 17 154108520
6 18 739186324
3 19 746525922
18 20 898918827
7 21 19638284
3 22 752544685
14 23 484218522
17 24 651670613
10 25 471645271
12 26 401267867
1 27 89078061
4 28 886037628
9 29 8392331
18 30 390071540
27 31 389059656
26 32 259901585
10 33 556674175
17 34 134945375
26 35 290195086
26 36 277362823
26 37 838588856
24 38 800670048
19 39 81363575
13 40 228428130
23 41 224808732
7 42 790963615
26 43 73283518
30 44 363283520
15 45 886910230
37 46 704558766
8 47 741113929
3 48 131172058
3 49 782568768
15 50 115262548
30 51 441761679
20 52 208593045
31 53 592668551
10 54 130427473
18 55 914768766
44 56 949568772
35 57 232427736
52 58 694750380
50 59 310135785
35 60 922851567
50 61 305793346
4 62 516613750
31 63 217407338
29 64 140307937
33 65 919669414
17 66 848939282
23 67 946384590
57 68 545181994
38 69 674790870
2 70 985380097
36 71 88381947
10 72 29213548
41 73 525362246
45 74 278051109
50 75 950127960
26 76 718272414
71 77 419775530
60 78 858260367
75 79 291168182
23 80 746884503
77 81 955109162
28 82 3151038
34 83 288750262
61 84 621833751
4 85 324403070
11 86 622867059
30 87 285787831
42 88 168880461
44 89 485522590
14 90 129297645
56 91 229168180
10 92 511048670
57 93 980749416
32 94 245737913
14 95 611884725
1 96 322177903
53 97 190434502
13 98 967201785
53 99 758971953
46 100 294857647
78 101 185775064
44 102 785000743
23 103 944537341
6 104 970977496
6 105 404853149
28 106 86332003
15 107 410795304
41 108 526142656
105 109 251688725
47 110 969972536
6 111 938340978
11 112 118632282
2 113 787523061
47 114 869161956
109 115 328684969
48 116 76376770
42 117 971487680
32 118 776564000
89 119 985854612
74 120 718301888
100 121 398396026
102 122 15643499
44 123 150639965
88 124 846821336
48 125 400031949
86 126 354338253
64 127 503379320
27 128 290023372
31 129 520398768
104 130 856897826
26 131 967812615
128 132 605888931
15 133 366355854
95 134 579974114
103 135 65085898
121 136 892339255
24 137 528356593
124 138 226025575
93 139 429860222
63 140 952167223
134 141 141493417
46 142 458003898
32 143 514914512
68 144 333900211
24 145 793993073
62 146 616436180
6 147 231902133
112 148 54055460
24 149 776511261
35 150 643889771
74 151 177552486
2 152 501529325
140 153 517757243
152 154 679369273
29 155 738414773
6 156 737405807
121 157 568463426
35 158 210141633
71 159 279304451
156 160 639036293
23 161 8842035
150 162 208174750
13 163 327958431
147 164 746501270
25 165 81348550
127 166 814785601
119 167 331284404
45 168 50831382
29 169 968942867
32 170 385606466
133 171 217842092
122 172 89741713
161 173 149492146
65 174 592099365
89 175 636348701
35 176 216499507
24 177 436617839
66 178 778969759
101 179 914386989
50 180 79205070
99 181 842457701
37 182 867982947
89 183 759242364
12 184 533135716
76 185 731796914
41 186 190989157
77 187 787593099
130 188 600715057
65 189 170335637
169 190 41818791
63 191 62949286
17 192 488160813
85 193 537556767
181 194 147912317
135 195 569998921
106 196 430626074
127 197 681380435
158 198 245567061
7 199 966568969
106 200 919603720
126 201 718813394
130 202 960524037
128 203 922571007
48 204 411552352
80 205 466559236
20 206 550315145
111 207 924057771
13 208 132608872
105 209 556739006
39 210 721285974
156 211 229206110
100 212 248944976
155 213 450184553
79 214 625841432
118 215 673066534
183 216 640041654
156 217 847902382
48 218 635897601
93 219 144768816
208 220 233756079
48 221 556776344
56 222 910297742
193 223 414818738
95 224 422490707
80 225 244189765
174 226 509997774
14 227 6266453
72 228 224263358
219 229 50487555
40 230 171850030
94 231 736594204
73 232 669872796
122 233 879766783
220 234 91094973
100 235 3843017
229 236 626313522
125 237 816813934
51 238 34960886
90 239 185805000
68 240 819690722
37 241 337245231
165 242 102007303
215 243 957563546
238 244 693388857
4 245 413859832
165 246 618814874
74 247 95414709
66 248 423386736
196 249 465481216
51 250 545860124
26 251 470294003
133 252 977731706
94 253 844140828
209 254 168875653
212 255 25022839
217 256 763478919
1 257 645630836
31 258 181124003
208 259 877165333
86 260 735915026
63 261 866521765
194 262 417452252
205 263 422011195
212 264 361420642
187 265 771196265
3 266 316541309
169 267 801758808
250 268 399581592
166 269 689570237
67 270 301417340
202 271 3456455
148 272 970417715
146 273 956177553
11 274 978858179
5 275 144796464
41 276 115368987
182 277 351138788
138 278 475612152
270 279 141553528
131 280 315935524
275 281 122316662
98 282 438934213
56 283 803098660
44 284 524317728
135 285 307446254
88 286 31859102
113 287 935260227
214 288 711538009
129 289 292312957
190 290 754925834
196 291 360213974
168 292 838961573
164 293 61328140
52 294 22441071
204 295 269635510
181 296 472778730
87 297 841172960
245 298 536829012
58 299 892331007
269 300 458724898
193 301 548883653
108 302 205339947
273 303 589784053
78 304 899344105
297 305 615612596
145 306 846328218
213 307 380419953
132 308 558748548
172 309 403315705
66 310 368505668
184 311 469033663
37 312 553259875
59 313 72059874
242 314 232115469
301 315 995772692
180 316 512393265
202 317 91776223
8 318 228300519
194 319 335817064
276 320 885862744
102 321 37890863
34 322 887351317
97 323 561035498
169 324 747617800
274 325 331979270
64 326 964045559
215 327 954023645
187 328 285449667
304 329 533116981
15 330 50993233
128 331 172908043
100 332 75012704
223 333 230373460
107 334 742710803
275 335 391872677
107 336 222366870
226 337 839929448
141 338 213885596
73 339 959015083
303 340 24199941
80 341 226380042
256 342 993922956
53 343 779056091
342 344 846687164
90 345 563678228
42 346 971291908
60 347 260468754
224 348 566497087
209 349 894572736
46 350 414611568
179 351 844884277
250 352 92611349
72 353 67960410
294 354 296661714
328 355 773397663
35 356 556984779
33 357 937512035
334 358 51653764
325 359 511090434
116 360 267801214
340 361 517419575
155 362 528287878
272 363 84721358
161 364 178289377
191 365 217250363
39 366 836904003
6 367 208494116
298 368 859851464
308 369 177477246
340 370 951676888
329 371 951192368
234 372 161233710
116 373 9566184
239 374 648730081
206 375 816668699
269 376 18486973
224 377 870043610
141 378 641243322
213 379 622966638
329 380 315410136
146 381 207191904
210 382 184365643
163 383 133843451
160 384 864793632
65 385 966506703
60 386 716162386
226 387 371280968
85 388 788625023
384 389 305329395
320 390 3030566
105 391 490184306
72 392 307016107
67 393 285375415
185 394 8349441
25 395 726995864
59 396 39331895
195 397 373927497
256 398 338849484
266 399 967828676
176 400 33440528
377 401 863884742
17 402 20946784
77 403 853474896
125 404 576300687
365 405 399266655
399 406 798708051
255 407 561101264
345 408 30426618
391 409 596001799
29 410 663481918
388 411 189324409
145 412 278208910
381 413 670242448
227 414 858587271
197 415 695644682
317 416 922284553
391 417 957394269
310 418 315891109
393 419 821675827
99 420 816267954
352 421 40740743
336 422 387377132
380 423 484467839
410 424 93215450
407 425 631468164
144 426 313843156
233 427 22091192
368 428 193631984
101 429 818778446
137 430 239639998
293 431 651411157
268 432 662843390
199 433 158652430
349 434 137282114
8 435 601659226
276 436 842266808
418 437 248598083
346 438 500503282
192 439 930558792
155 440 310423040
318 441 649587561
89 442 858589090
57 443 158478978
249 444 314902511
132 445 178293534
344 446 155410739
48 447 66921136
203 448 489401185
340 449 951865557
318 450 280831451
389 451 979690928
374 452 383196660
382 453 898340846
15 454 393348327
52 455 851502200
85 456 128900764
110 457 269312622
196 458 244087565
150 459 944024191
218 460 441691037
266 461 838510106
170 462 822835753
223 463 52575141
12 464 480248099
151 465 269295145
220 466 618438288
70 467 173462174
104 468 844178489
381 469 943889251
317 470 671640526
68 471 693337558
133 472 781360479
84 473 38794191
63 474 109459445
331 475 809645529
48 476 934370956
174 477 111857373
174 478 876389217
236 479 558408767
108 480 488625589
158 481 192940293
195 482 848772611
273 483 206189327
357 484 881630679
104 485 512200185
70 486 41856296
155 487 68815021
415 488 74817662
442 489 733230406
136 490 381462717
37 491 280406075
185 492 308804302
230 493 897834111
46 494 848817437
478 495 653195398
37 496 404740620
225 497 474501348
81 498 949290072
253 499 90549101
472 500 68585633
436 501 20721548
144 502 128415478
85 503 45638599
23 504 813657513
122 505 27567628
326 506 977275718
146 507 543670223
95 508 612040438
498 509 308604315
393 510 807375648
385 511 879897862
315 512 58024344
94 513 947673792
336 514 656507439
292 515 837506209
212 516 247887082
126 517 964072567
94 518 262190012
321 519 359219055
227 520 347217170
329 521 775268826
269 522 977063667
477 523 121371966
47 524 594817044
453 525 918653002
239 526 668863914
511 527 438941640
443 528 380623691
349 529 384966161
41 530 283427243
10 531 119736086
495 532 727094146
28 533 837309842
526 534 240194940
533 535 544955758
163 536 935911277
80 537 633614317
233 538 720556710
271 539 803385011
280 540 443324859
49 541 168234536
345 542 874484095
535 543 591401046
398 544 138569625
331 545 170400979
253 546 403109230
326 547 801259958
112 548 181467580
226 549 310420536
459 550 844582327
110 551 382906638
355 552 241342697
92 553 948904701
462 554 681054657
107 555 215017687
190 556 643573757
214 557 768891468
483 558 187194079
425 559 140867002
190 560 643969649
147 561 943260287
96 562 481381529
74 563 647972842
341 564 191251306
521 565 659565891
340 566 900599150
164 567 262150937
196 568 105139770
126 569 476627525
89 570 755531301
379 571 883541462
5 572 125338219
491 573 566818131
122 574 248928655
370 575 903015805
204 576 61296455
223 577 147299600
101 578 157968335
542 579 606942876
270 580 916463838
90 581 988843533
465 582 478037029
544 583 843884248
393 584 58377105
578 585 342884733
125 586 888270645
249 587 132672087
104 588 244690457
123 589 726264918
442 590 908399822
61 591 851350188
530 592 446330637
538 593 87237887
200 594 148584753
339 595 335980856
58 596 595920106
575 597 864826992
137 598 603588574
3 599 311965719
361 600 81233825
548 601 593501665
597 602 100400339
9 603 708099719
120 604 80021144
132 605 634352879
457 606 384621152
188 607 183033038
527 608 74557491
48 609 496554055
251 610 687909475
193 611 682480549
489 612 374163681
307 613 662247621
36 614 96625177
331 615 594614815
487 616 708948124
213 617 529972010
430 618 8590689
197 619 421037838
249 620 68472826
410 621 293893688
335 622 93210758
259 623 166663150
178 624 515210926
91 625 470686560
251 626 597279621
70 627 734228304
173 628 4118931
170 629 55802600
427 630 12038618
253 631 881544122
188 632 512584243
73 633 315277971
265 634 229505473
33 635 129059094
512 636 273542865
475 637 574035146
232 638 828465410
29 639 890761367
312 640 508764398
599 641 831533894
632 642 850789947
167 643 37639713
52 644 403912019
509 645 816106800
455 646 466576802
1 647 915531570
103 648 493648024
27 649 637149140
451 650 206203219
623 651 592782154
641 652 405541934
128 653 162279361
603 654 698028054
295 655 755545809
379 656 793633765
286 657 387306099
545 658 894182052
361 659 705411459
20 660 51617522
81 661 321079675
429 662 379722867
426 663 969927250
564 664 53652350
374 665 958511402
208 666 977833980
83 667 888198356
166 668 359137702
350 669 852660405
45 670 794120836
353 671 567681576
538 672 421213189
364 673 173636575
457 674 528520548
200 675 349655391
586 676 196051908
36 677 853296160
233 678 646589392
650 679 832287330
122 680 525580567
477 681 199426636
283 682 323552028
287 683 12426333
369 684 925645639
464 685 853697473
594 686 146565775
252 687 22515620
364 688 633864258
555 689 510104838
508 690 92267166
139 691 281159456
589 692 127895450
109 693 917545721
538 694 513354937
392 695 321539630
97 696 574582291
555 697 949550711
299 698 916034455
659 699 394764560
28 700 292712869
515 701 394182271
560 702 972231160
32 703 490920913
38 704 468776716
71 705 174565857
169 706 40242673
55 707 502987951
554 708 234458822
704 709 557729377
557 710 470709937
46 711 423922174
3 712 403145382
555 713 131090786
54 714 986240717
389 715 673765782
164 716 525019603
132 717 20995337
538 718 78787585
619 719 501498552
234 720 191105876
474 721 152003307
383 722 633809537
711 723 189256311
500 724 858591514
367 725 972154675
259 726 42299835
543 727 724488861
288 728 738785153
560 729 624171592
633 730 946812832
707 731 563693594
643 732 333346658
595 733 608530169
671 734 336268908
559 735 759207907
78 736 698521744
639 737 817966621
528 738 653162737
374 739 579979361
731 740 623159784
676 741 380123335
681 742 776431448
699 743 273369430
519 744 172309208
365 745 611920869
625 746 104398963
33 747 498569542
58 748 787161187
118 749 224717159
273 750 744701565
244 751 779807837
603 752 740979118
210 753 332249585
28 754 118826592
215 755 355302105
164 756 451668994
84 757 761014776
272 758 225047691
299 759 509133811
453 760 22117979
245 761 62933616
210 762 448031016
283 763 622051140
371 764 976112746
358 765 842017009
360 766 336592625
85 767 832432814
711 768 969960993
46 769 466792290
616 770 801475443
627 771 743118791
108 772 432629689
54 773 460302881
255 774 233635285
247 775 661545660
681 776 37250108
674 777 191300516
68 778 755341345
439 779 682509501
518 780 915752072
456 781 212952238
684 782 216934415
684 783 574066913
642 784 101340892
620 785 402098410
221 786 57311563
568 787 988274581
439 788 532143329
91 789 439808282
783 790 834768951
298 791 636837500
645 792 982562349
113 793 957556413
275 794 428307776
524 795 42020827
410 796 441173581
635 797 542840889
496 798 715995544
279 799 982448512
277 800 637476177
74 801 825444993
313 802 232883081
198 803 247807022
239 804 74276043
708 805 239486269
202 806 36423477
249 807 652512381
759 808 630501473
652 809 779306610
777 810 301006822
39 811 310971464
592 812 379254223
472 813 498951852
381 814 841833933
414 815 336807830
689 816 471068785
96 817 707989667
280 818 789817679
455 819 878959867
648 820 913723464
11 821 303864165
810 822 889734096
194 823 227025289
454 824 19265162
93 825 71064318
607 826 996500470
77 827 607948848
350 828 242191261
516 829 384572065
179 830 49462639
753 831 871054508
643 832 474263982
332 833 901548617
624 834 449299010
776 835 737694184
391 836 532224940
403 837 597434605
183 838 315895947
670 839 84466667
658 840 463621848
161 841 973328413
679 842 886395857
572 843 771930683
795 844 15781579
446 845 849993265
74 846 143803330
560 847 976957387
280 848 197744123
278 849 321935342
672 850 287786111
569 851 438179421
174 852 135108808
591 853 855104428
734 854 240339815
31 855 826961771
693 856 372105984
129 857 835080454
240 858 997160538
713 859 908169876
766 860 436925417
135 861 142567671
763 862 849042311
591 863 251264639
381 864 132546250
523 865 418693259
541 866 938961325
309 867 44640579
509 868 823727853
558 869 937548031
293 870 727537127
222 871 223346517
94 872 82894130
394 873 673813109
786 874 26891508
859 875 44711141
752 876 591570698
72 877 827235086
285 878 200284160
421 879 447354833
121 880 546102027
22 881 609563289
408 882 660992490
100 883 629909256
160 884 701512176
304 885 744769216
21 886 29515786
415 887 421323889
602 888 661919520
637 889 676511395
150 890 943423358
58 891 919333462
41 892 817666497
357 893 538239757
228 894 449532656
488 895 24581962
382 896 299236403
609 897 422902549
622 898 39683290
464 899 620509074
322 900 240225823
459 901 542866246
216 902 133507925
327 903 378838539
133 904 605589757
671 905 834093898
497 906 607997277
677 907 979270036
738 908 147342622
809 909 515507729
312 910 324081047
672 911 522145783
748 912 402955826
904 913 297194614
472 914 313475488
430 915 730189646
793 916 970083918
674 917 157310829
168 918 877012170
558 919 38504428
592 920 51809659
561 921 633391013
905 922 420507250
152 923 171145415
850 924 441616308
662 925 366133427
847 926 430733497
539 927 472948575
228 928 232269177
485 929 984071865
656 930 336108252
850 931 854374947
124 932 693540816
148 933 461492625
727 934 669755882
721 935 9282397
763 936 193310410
175 937 710496366
678 938 914416926
190 939 728088474
857 940 448677781
576 941 523942669
819 942 736440984
609 943 711351693
229 944 918070781
915 945 106335574
386 946 422794928
754 947 203238269
686 948 743745909
461 949 791843975
416 950 993411767
930 951 163454762
48 952 431699102
541 953 256619997
452 954 75747140
534 955 746865975
495 956 322720340
394 957 366881464
174 958 972752117
825 959 979061260
607 960 925938479
366 961 859376199
909 962 205048767
186 963 63319878
516 964 80892304
78 965 687683758
893 966 266160563
541 967 318302877
924 968 857898025
412 969 246724013
513 970 283496005
650 971 746236998
584 972 450046720
718 973 648521679
298 974 490769937
793 975 914940644
823 976 996783103
832 977 137768197
281 978 247937323
683 979 517497064
188 980 388696563
720 981 496637661
190 982 834331873
477 983 93023357
509 984 291251228
904 985 940110618
932 986 946072324
455 987 358963956
22 988 815889455
396 989 382936300
701 990 703960752
12 991 670901920
32 992 840687842
181 993 445869965
248 994 76490134
790 995 762176075
483 996 256472817
913 997 307877230
965 998 183295938
481 999 610246680
419 1000 442852266
