1000 2000
2 1 428926548
3 1 858571749
4 2 773112185
5 1 28505727
6 1 214027091
7 3 635703273
8 6 957329683
9 7 55015304
10 9 863683319
11 4 939327960
12 2 428278106
13 3 660830556
14 5 754118325
15 14 314035857
16 8 366339003
17 8 354748713
18 5 117370470
19 4 36773186
20 2 179864553
21 5 310277566
22 19 901063170
23 10 78543662
24 5 536118029
25 20 850057372
26 20 397665890
27 8 575715897
28 3 789723952
29 8 70708538
30 18 484677894
31 27 605191444
32 18 33514235
33 6 351932807
34 16 324188546
35 31 605996486
36 24 839604275
37 34 534823692
38 12 57081633
39 7 914666804
40 21 921925904
41 40 524091278
42 23 59236093
43 23 706453073
44 11 701943063
45 16 113012265
46 5 797037184
47 33 539486140
48 7 265929849
49 21 605316437
50 40 536188518
51 6 472061985
52 28 109258546
53 28 330891449
54 29 988086302
55 35 416567356
56 3 640791652
57 5 520100060
58 11 393060387
59 34 119922309
60 16 590303136
61 12 811219168
62 61 432129171
63 43 741912774
64 6 616587171
65 16 440515315
66 45 690322329
67 9 563712537
68 58 570270213
69 58 992034983
70 38 911528478
71 62 773019989
72 10 474636092
73 28 842031165
74 17 289651950
75 44 791763678
76 58 170476565
77 25 623510515
78 15 58210717
79 35 62460057
80 56 67449395
81 29 493695187
82 58 964747479
83 73 390542832
84 83 944064752
85 56 734453965
86 23 105395135
87 82 16380641
88 73 228016506
89 42 5452969
90 67 33096944
91 90 42739014
92 76 407272449
93 30 550350066
94 2 829112424
95 57 805261318
96 71 389359258
97 60 575288021
98 97 84703282
99 40 393887292
100 16 666896111
101 54 777860406
102 21 621450155
103 76 782256429
104 34 233939825
105 53 606160820
106 79 120659889
107 90 128475780
108 88 999668127
109 3 957709089
110 53 540450216
111 66 30357762
112 40 860701514
113 41 172957019
114 78 860283094
115 65 84234025
116 3 26631210
117 49 293090984
118 32 939672447
119 46 860331022
120 83 513610245
121 114 585134884
122 33 180975124
123 102 423913691
124 52 903901380
125 106 482658984
126 124 392533951
127 84 472396390
128 97 881719802
129 90 110486314
130 55 88382475
131 76 891817594
132 39 593261595
133 32 300117573
134 54 579077430
135 23 964210326
136 51 260232003
137 132 476423637
138 18 923638596
139 137 64804485
140 122 943450107
141 24 947855827
142 54 66290797
143 17 210367766
144 14 366356164
145 10 349352687
146 70 874792114
147 80 940918857
148 66 891511462
149 144 751832123
150 43 412114693
151 21 690815936
152 19 505713264
153 122 389169348
154 23 534805327
155 25 719624900
156 29 679146315
157 96 523660211
158 67 918827604
159 8 842994710
160 35 531061581
161 141 880592578
162 46 233162686
163 135 134511973
164 41 489335276
165 58 18537128
166 121 751588068
167 9 435255992
168 43 995873338
169 133 324853690
170 65 831257665
171 57 662838031
172 65 370261427
173 143 613060744
174 112 565140118
175 3 241995575
176 58 451556561
177 144 856074956
178 20 423050762
179 166 86113571
180 142 721456707
181 29 337879314
182 24 645093991
183 135 854897231
184 79 144528053
185 176 508802225
186 104 906211996
187 50 165318717
188 91 108127971
189 156 611849585
190 132 187291038
191 130 884540806
192 88 615854831
193 44 616378165
194 127 39046145
195 9 486023448
196 178 28218213
197 56 1884834
198 64 82771061
199 194 614616455
200 194 101133312
201 181 360933444
202 32 912667814
203 112 516520515
204 67 465650397
205 108 578461772
206 51 30615674
207 15 86913480
208 35 973591838
209 31 145870127
210 208 850578472
211 83 130819822
212 205 681815756
213 202 999440452
214 126 938206206
215 125 342377151
216 145 329206748
217 143 17316083
218 204 859615638
219 88 451262329
220 111 658201029
221 184 398832756
222 106 517088442
223 44 168023732
224 33 134948178
225 140 821217074
226 192 379820771
227 54 539744895
228 74 395575552
229 203 637283561
230 224 72886799
231 157 698566855
232 20 97722009
233 52 436151930
234 12 357712950
235 143 500722360
236 181 520904223
237 101 11509608
238 133 120731200
239 158 324348359
240 37 569221336
241 98 384062423
242 45 661060004
243 228 931100770
244 3 77400949
245 131 971335226
246 138 680212749
247 219 9838541
248 36 139290293
249 140 109593718
250 208 558573177
251 17 469614513
252 140 687087799
253 17 731468128
254 171 405189619
255 160 869727633
256 14 283062914
257 247 316234143
258 191 822646638
259 217 706733033
260 33 79905164
261 216 761171608
262 18 840100193
263 129 749543334
264 252 583717182
265 240 46046369
266 236 138776342
267 221 464813871
268 122 51414443
269 204 545458997
270 108 122078810
271 127 3349546
272 207 340282258
273 96 206203417
274 33 122938970
275 115 716326054
276 52 572993678
277 65 359282299
278 75 995982345
279 186 791237911
280 7 827778455
281 200 400363350
282 158 100775027
283 84 633108459
284 206 755030449
285 115 520124156
286 104 86052137
287 264 644913884
288 4 120306665
289 122 931260729
290 254 332339213
291 210 288679446
292 68 737818069
293 207 129204813
294 122 300953960
295 231 804217958
296 187 816760545
297 144 142261580
298 34 533557453
299 23 768987312
300 224 280544858
301 246 206713892
302 182 283779972
303 44 795746545
304 155 277823089
305 272 643529927
306 217 740193546
307 205 801066567
308 232 120526319
309 82 197144640
310 40 70967934
311 67 144848211
312 127 625851128
313 36 180443641
314 126 905464030
315 73 609318925
316 203 742549928
317 108 554380611
318 233 773946786
319 199 796614258
320 254 75093823
321 222 124853366
322 132 608541353
323 297 525649660
324 105 627306433
325 87 778042481
326 222 376513344
327 65 22518052
328 40 925302934
329 286 953285983
330 297 442473304
331 18 854835387
332 269 377213595
333 15 26864028
334 173 236370455
335 129 789055333
336 328 791467410
337 270 71165906
338 62 20638876
339 97 212173700
340 42 429822527
341 29 64478335
342 182 529481540
343 36 669461614
344 266 205042550
345 241 78540529
346 302 304425476
347 67 955577597
348 169 399532556
349 120 826632292
350 225 946100071
351 78 506314909
352 184 809461184
353 219 570043565
354 54 779214806
355 347 457011634
356 64 56678413
357 110 482434610
358 198 123372383
359 71 118705421
360 215 421869537
361 279 986696982
362 139 552595796
363 159 903139852
364 173 415605666
365 122 404959048
366 268 993173153
367 232 693923144
368 123 387871615
369 130 995968521
370 222 671218817
371 312 177363647
372 270 75653680
373 80 39563902
374 190 342293842
375 345 871975280
376 293 696263631
377 363 277961517
378 260 290123112
379 362 948526544
380 289 273117755
381 39 156405824
382 200 611679768
383 91 577638291
384 27 618700462
385 368 632724008
386 371 111105940
387 348 589854261
388 85 65724925
389 217 174046436
390 161 792007827
391 69 622757744
392 177 725751548
393 97 784688261
394 99 502183763
395 36 915755760
396 314 321616151
397 151 287029580
398 301 182239728
399 377 573960002
400 228 620394099
401 327 201586902
402 18 753507897
403 91 257244339
404 270 782566314
405 286 40610012
406 295 332747091
407 182 775698707
408 324 395768319
409 96 640807048
410 56 547201325
411 321 220495245
412 177 768206973
413 181 446125279
414 36 932894667
415 31 145461136
416 218 193772372
417 192 464145945
418 357 106508995
419 199 945585904
420 301 976423394
421 192 155353375
422 383 11984706
423 114 851028631
424 305 957244602
425 329 722779523
426 133 962282498
427 226 71523549
428 221 242911162
429 252 231783443
430 292 902861500
431 243 523900112
432 133 179536738
433 69 873938107
434 269 221501048
435 139 147058690
436 400 739100032
437 97 221895931
438 287 225217083
439 300 39842935
440 208 781046546
441 396 517255773
442 340 611396517
443 310 126603718
444 167 385661015
445 223 902989323
446 325 875059545
447 113 92052846
448 146 621615385
449 209 65511965
450 100 556939160
451 60 508337225
452 166 445248587
453 206 661103105
454 38 357082265
455 121 694178268
456 34 39624301
457 15 422177106
458 450 563202820
459 37 777303253
460 429 323081747
461 449 144557841
462 413 733143327
463 284 650702590
464 145 225774661
465 319 438555100
466 243 96097215
467 153 846432358
468 348 395404662
469 242 419435700
470 29 836330796
471 259 132829563
472 401 969335605
473 462 274067942
474 204 74723445
475 198 455430273
476 160 947820511
477 288 539384592
478 463 715864540
479 35 433201474
480 367 525399165
481 357 428493181
482 329 565151954
483 61 134488007
484 459 555973086
485 357 146560971
486 446 514939125
487 369 140050534
488 437 318115891
489 306 757712803
490 396 638972809
491 283 103429798
492 446 307835261
493 119 739624046
494 88 146757837
495 484 583375366
496 7 646070599
497 303 238648192
498 476 994739987
499 352 433535404
500 205 573550424
501 409 346894138
502 188 357961873
503 300 337522630
504 89 426198810
505 332 667842234
506 412 927964400
507 98 399301152
508 465 31360082
509 86 73254937
510 341 438555217
511 136 785962996
512 506 120723406
513 207 723032311
514 262 189296666
515 151 607425226
516 14 790076048
517 46 65836931
518 53 220214679
519 337 8935738
520 206 70046701
521 180 557125877
522 20 241034438
523 65 113161234
524 509 525236828
525 433 609794306
526 299 808964240
527 270 753457958
528 244 853308835
529 469 629772583
530 137 598146207
531 519 425568344
532 356 446351910
533 195 253497233
534 203 707022162
535 435 768110581
536 48 877120467
537 291 660238005
538 203 773299083
539 336 202131834
540 395 768115488
541 415 708731348
542 90 940562061
543 149 555090262
544 118 608362023
545 414 923548409
546 288 227990800
547 540 178949165
548 328 68013930
549 412 125177640
550 262 912509277
551 186 214460693
552 300 431366362
553 145 293871019
554 418 800962210
555 451 358988795
556 164 441623095
557 552 234589780
558 299 679744480
559 500 170148689
560 508 750944371
561 503 245328412
562 296 774512220
563 542 970275216
564 79 723941599
565 331 761909943
566 125 738757615
567 341 705503625
568 478 79437047
569 105 293152336
570 224 20634158
571 272 81293705
572 448 620256191
573 367 958304390
574 76 779160477
575 127 924833822
576 572 50198877
577 266 839702834
578 500 34890175
579 60 268291467
580 450 622837945
581 44 410757230
582 75 376923675
583 507 398999457
584 569 402160575
585 142 103557311
586 265 671086350
587 328 591066856
588 201 896175122
589 328 30745771
590 140 836662333
591 249 822542417
592 542 707123727
593 571 132734993
594 31 449017036
595 391 926736699
596 285 547746150
597 179 382469415
598 334 893029875
599 150 388207461
600 133 940854303
601 40 267934193
602 40 247270320
603 408 75012350
604 489 908583652
605 206 150939164
606 228 668033495
607 222 32972163
608 306 147791756
609 452 789285008
610 167 665821968
611 571 78442076
612 106 989411493
613 155 757305404
614 603 698717377
615 568 968388551
616 463 132512063
617 428 437327766
618 444 378812729
619 220 59002885
620 557 279456006
621 444 959714966
622 101 40158450
623 589 478022659
624 14 838251434
625 583 151474933
626 571 694623462
627 6 990706451
628 419 873751718
629 607 798888686
630 117 565602464
631 255 485440941
632 584 402902240
633 72 354403681
634 83 970023761
635 206 79312476
636 518 43396063
637 268 917993381
638 630 861453623
639 186 645325803
640 389 628506931
641 276 459335066
642 388 592147652
643 390 162681088
644 245 355942706
645 232 850617306
646 63 120723448
647 315 316985215
648 338 425958201
649 341 290599496
650 540 177221363
651 15 216331405
652 404 115840007
653 636 950122221
654 245 893380204
655 415 10846164
656 315 907092876
657 169 179963594
658 273 524460659
659 147 113746526
660 298 942764972
661 187 334436335
662 432 676340710
663 631 360229387
664 570 696831291
665 230 868854661
666 533 7141413
667 441 746769846
668 631 14380727
669 454 661002328
670 259 392138424
671 153 16287636
672 65 932420659
673 386 530470758
674 200 390732092
675 55 296851263
676 632 165064261
677 114 11317164
678 375 14916319
679 630 306739258
680 212 454194865
681 333 153008713
682 490 448805268
683 398 865193652
684 300 643360975
685 608 351048262
686 78 124873938
687 557 291167835
688 258 295280348
689 327 842679271
690 257 212473594
691 583 582170088
692 140 807748921
693 483 259575111
694 465 217160211
695 583 777350408
696 431 909833165
697 523 222042111
698 75 334104223
699 445 79564017
700 509 51129319
701 525 754191020
702 677 613629298
703 134 593282686
704 453 865957454
705 620 268967230
706 151 110666232
707 201 122242155
708 469 781810845
709 375 946623726
710 69 261740997
711 562 743256596
712 198 726201352
713 9 571578219
714 555 763591997
715 693 14405723
716 154 178647832
717 85 455675988
718 642 534673859
719 385 5744103
720 66 910871773
721 183 956984115
722 454 664826904
723 320 274306840
724 180 320635719
725 335 594753720
726 64 758187844
727 309 300566576
728 720 281628710
729 73 576638355
730 603 972206308
731 321 108788907
732 194 739719763
733 129 11050640
734 129 903384852
735 549 896118797
736 53 11239305
737 618 994569838
738 260 383896810
739 624 871413615
740 401 19927242
741 23 30018727
742 261 205341928
743 252 47616791
744 137 787300630
745 273 17738269
746 389 745721101
747 544 730988225
748 241 590985647
749 636 783996335
750 125 64623058
751 745 856201792
752 676 984050025
753 168 833722728
754 165 522507615
755 434 232416387
756 286 18349924
757 523 199845164
758 92 119211070
759 604 624169038
760 666 780551968
761 544 169695083
762 80 42428379
763 72 275221426
764 763 343569075
765 687 736715387
766 648 67335299
767 188 939706623
768 264 488000417
769 164 306290732
770 551 200867597
771 563 207270504
772 56 689308419
773 652 990479207
774 454 501960439
775 417 892862356
776 299 219131875
777 641 627776105
778 321 646031985
779 758 808826419
780 305 315718345
781 459 669713781
782 382 256069790
783 251 997269983
784 711 908166442
785 362 407367587
786 185 762783706
787 62 114301787
788 456 828837539
789 3 310148179
790 21 300209100
791 716 295529937
792 732 521987275
793 111 272123478
794 526 162028746
795 482 16357677
796 348 399601729
797 605 533327316
798 192 387570183
799 251 643315503
800 660 43665605
801 371 521407790
802 59 895965641
803 784 437555923
804 510 952468705
805 332 570424523
806 456 432088531
807 363 395370276
808 419 601506131
809 280 363912241
810 75 556977492
811 18 737033719
812 18 395549136
813 381 969332138
814 146 877475527
815 758 85934940
816 47 468469664
817 60 890630775
818 350 420335481
819 584 963863416
820 20 745381317
821 18 942584674
822 416 641611549
823 797 5520593
824 188 272295255
825 682 519872254
826 285 183969048
827 92 726341109
828 331 125586264
829 306 832630403
830 283 184064780
831 38 385311706
832 8 187365091
833 482 693396740
834 163 349582593
835 410 428936134
836 808 689429796
837 188 957421914
838 672 905584066
839 479 348968923
840 702 562904627
841 48 226500960
842 645 931728759
843 251 232437611
844 739 498692276
845 558 38222658
846 519 379256742
847 301 106817734
848 257 613098598
849 4 369584515
850 227 671238536
851 175 41665524
852 548 25667263
853 152 5817382
854 327 204875483
855 525 46705835
856 552 492374361
857 209 825374291
858 295 349422983
859 603 973612009
860 115 372555051
861 851 794793350
862 225 622549877
863 762 781080422
864 788 461659865
865 157 109331486
866 311 117444191
867 338 860574084
868 815 165420799
869 318 336084473
870 336 445993001
871 69 887365245
872 178 601131702
873 354 303486464
874 7 749722814
875 775 447469326
876 102 174930463
877 615 698031449
878 855 837879537
879 817 366288690
880 748 224321622
881 170 127227335
882 132 124384049
883 385 780086671
884 135 872892118
885 429 50814576
886 187 162433649
887 751 953100787
888 810 165347584
889 501 325733195
890 226 296938791
891 464 679430822
892 51 428805773
893 484 143037180
894 825 600084102
895 112 24259853
896 598 175671272
897 727 508269622
898 870 3026728
899 282 228558809
900 518 421972801
901 356 932985353
902 583 818397698
903 81 342620685
904 65 165348716
905 62 805204496
906 320 873538258
907 697 678077612
908 484 583858025
909 689 425496954
910 315 409771130
911 139 182806334
912 171 788683986
913 278 441398369
914 257 318388326
915 764 370753062
916 825 552171499
917 501 712237616
918 668 683988028
919 129 993624152
920 777 428872267
921 843 852820360
922 420 799287999
923 720 333594890
924 475 235426676
925 306 495935236
926 713 12238836
927 278 895257921
928 858 602000167
929 892 228710557
930 471 9911097
931 98 136976933
932 680 703930943
933 189 839493178
934 292 708102797
935 898 800741692
936 770 392694695
937 433 279589478
938 568 433206279
939 484 916752870
940 749 11904126
941 444 482085928
942 131 733517384
943 90 857034442
944 692 853692200
945 533 903185363
946 602 162068316
947 877 749614455
948 381 103830790
949 450 290474090
950 127 976386181
951 296 336364403
952 282 554526548
953 458 575719451
954 742 684412102
955 529 162124460
956 573 873261216
957 781 76655292
958 281 815656687
959 895 364358855
960 879 43471233
961 785 796748494
962 41 611310672
963 744 731642401
964 400 606581932
965 605 423542153
966 546 288150955
967 847 584203662
968 376 126608359
969 128 388266954
970 363 33821638
971 288 282187545
972 692 404489594
973 523 427762168
974 168 230962813
975 246 521513562
976 962 235469322
977 854 7075231
978 482 122434827
979 451 27436605
980 447 28696159
981 104 915323792
982 92 74078659
983 833 47565217
984 64 552764280
985 339 930407554
986 901 864058213
987 322 661689219
988 125 655925539
989 36 259873093
990 452 135263564
991 722 668413074
992 111 687054107
993 175 222902324
994 270 748261374
995 413 498415328
996 487 764739169
997 390 18353839
998 964 443813958
999 655 128610724
1000 236 664898450
714 722 735589733
331 320 862980676
695 182 582840571
409 671 361129610
427 125 102195811
456 787 916996263
301 632 41805233
619 50 19643709
682 40 983798612
632 18 419374527
836 965 276087743
13 935 426592809
178 564 912397045
667 587 756031190
679 821 953016940
186 445 431768502
902 168 144690680
357 397 889825231
288 310 207010569
622 182 894199514
671 329 166742124
381 47 705457360
434 541 712956535
64 305 148394177
251 911 255518377
887 540 245190406
628 718 975243079
428 737 260499366
777 165 811817289
833 412 468888889
581 633 99892717
313 985 317958545
658 609 73921108
191 800 347232130
590 73 417663241
23 321 104233410
75 515 581843869
424 161 639913475
150 735 975641206
398 453 731689549
900 91 318376244
163 892 335515230
167 78 418464285
649 828 192355344
874 245 458262625
812 546 305884625
36 401 766659941
966 283 993645202
874 339 429050271
719 499 551519587
258 262 498230506
690 709 29043504
860 751 424327170
151 452 8496814
197 843 890003083
205 893 30408023
154 704 453682137
710 546 648574862
110 645 222152727
135 922 121061136
44 107 444347542
354 799 792105783
707 358 226851610
424 382 127872448
537 27 581769710
180 891 360478847
343 174 712812286
837 318 59288099
686 277 316165486
525 939 967050497
162 17 201700153
84 38 621451112
24 201 527336927
499 737 774265901
866 586 685271994
876 857 27135826
419 933 176302120
559 68 818836886
27 791 152917355
674 126 631332866
36 819 344848187
235 879 377699442
741 620 632790856
427 186 771639868
822 50 587779453
372 575 69498615
494 446 651951846
307 778 820013676
665 594 114561408
545 955 294839561
677 533 460890992
394 266 507494240
375 82 980746030
417 174 396603616
472 171 110370427
229 317 116261317
697 802 912557298
191 471 798331723
6 545 666299173
85 449 47934248
90 162 213137439
78 643 574278446
305 603 471357608
874 354 562469285
902 611 681256910
214 122 100545568
344 734 490330194
598 468 889823540
73 721 371007326
773 838 631319294
79 286 182857416
434 729 991714742
6 862 750561593
74 141 657092191
264 469 486907611
939 54 39171915
2 211 395015432
326 701 68893188
140 262 945296883
654 165 94937793
231 629 435056742
338 476 947906549
529 956 208947992
278 441 26195977
805 554 377178428
31 985 737291441
276 779 50419820
823 364 721802712
682 485 636401386
374 269 92916566
972 866 114668587
860 448 34039018
425 684 350238553
845 910 470354611
49 269 257583060
647 923 511779289
989 157 197415459
377 432 501109536
597 149 287023090
47 421 271089658
651 509 228069864
932 466 570652197
478 485 376858842
492 493 570792204
58 593 869443889
236 640 886237334
525 725 59505086
479 530 877558671
480 722 161860355
315 369 901404966
556 394 56572501
843 691 505840404
203 428 952807945
937 203 583498147
428 19 781984396
933 46 54561471
407 379 149085163
140 784 338127225
192 161 113275781
535 683 836370744
794 278 62187617
409 211 234501489
957 797 743229632
73 62 185960681
761 902 25737019
865 566 565231937
410 852 143539847
949 193 730704447
184 142 225010288
50 28 346683787
799 318 236798693
939 250 964219511
694 657 11305051
800 337 929126457
394 325 207120315
419 680 748852831
198 5 383876615
296 493 192383750
447 664 286067721
793 89 483561375
956 869 617015485
611 686 154880023
976 867 880170002
657 758 306330526
624 742 710264573
317 585 547081418
451 534 665373923
933 170 6285560
796 769 683647452
893 682 926224171
542 314 329171772
333 907 802962882
605 16 771581583
896 470 336741509
497 155 287244451
80 611 304134497
220 941 280564613
458 146 141949657
539 554 509736641
983 164 112640266
656 438 37372570
645 560 128456212
359 755 817372349
363 969 675360784
294 656 701258538
9 68 594595039
561 624 459983641
88 800 563176504
400 320 626917331
514 191 160929245
143 434 40433767
518 488 163064048
743 769 551556056
672 548 283196677
166 330 211569435
192 855 633141244
24 51 433626041
748 504 324986491
495 836 936563775
563 7 72475491
545 486 254186226
500 104 417190643
447 10 474095849
774 609 578342115
62 26 727063201
778 655 532054545
708 840 932857270
722 41 548386430
734 985 273877255
265 920 86983798
958 435 951141180
571 456 65658767
568 289 395201565
432 153 833535210
668 889 231902269
426 565 472109201
121 814 274615764
146 787 797562368
981 714 511760140
746 849 12056025
936 909 824393879
488 327 615855739
412 429 618021135
54 565 793181329
506 987 832153332
592 457 581758460
8 718 724471410
959 453 792793505
548 58 674295688
576 616 677173620
819 305 110485749
367 669 356778203
398 243 64381496
832 952 61156561
462 184 101839319
931 567 793544462
543 502 173146299
609 645 91853372
659 346 599360444
810 812 276918251
87 206 995516101
731 855 529243565
82 717 969530907
161 547 776911900
541 117 109509098
186 719 14923741
867 382 690831433
750 432 104711780
146 653 986873240
900 180 21893736
894 538 373028513
977 687 36528252
479 362 25228254
520 451 130493048
659 32 79447909
286 576 574952528
244 472 357102614
781 798 520758977
846 290 711703649
532 585 440360988
755 843 472152542
730 12 338127035
862 26 899923432
804 330 690542238
257 921 919772710
865 842 902131192
703 346 404548572
203 101 192415818
392 386 333527562
865 320 31377626
177 282 274556683
357 266 244915848
685 17 512625358
790 708 711403278
429 176 598774319
592 929 494150173
663 338 465435129
661 657 726501863
178 196 993082587
226 922 249993115
274 609 442628579
46 724 103132297
551 236 81040817
700 535 793722123
676 348 455508625
399 531 182779864
617 328 480000352
933 601 345805156
689 94 97615302
985 16 962603985
976 477 917364553
459 410 374105283
544 925 195662204
72 266 492093798
968 804 110978196
86 711 8477035
53 694 327491316
752 184 734987961
984 860 173678848
64 996 935961237
563 841 516427043
175 218 464378905
138 368 285833781
929 349 400998691
352 500 242325428
685 923 214725443
542 985 162832850
251 384 608207620
621 986 442194902
226 430 275056325
863 990 576470510
954 206 954524535
656 454 743196809
490 398 103374515
761 615 950695810
569 527 41986138
151 702 711279071
96 155 317564786
86 336 370867670
675 884 24574081
722 594 259896597
360 537 233240203
47 248 581943733
672 305 145768221
768 267 276682912
808 327 134546835
555 445 311032267
250 736 105137665
753 78 928124598
426 871 951903059
42 575 694720974
858 871 266909113
187 104 117096853
298 895 147019700
429 503 110010817
409 149 460184900
454 260 361051827
546 262 567952783
967 924 267618344
369 346 512077063
313 540 379677961
291 937 111150017
477 965 874602273
244 522 607036525
426 799 121930562
297 967 257204519
1 285 383079912
857 105 134382902
849 200 339832420
568 393 443278965
313 988 367447030
86 128 58189833
425 768 519287566
933 860 748777128
455 948 536323009
805 168 34477217
77 802 416637145
727 654 818571383
400 725 269912188
831 133 89801395
81 465 843112603
716 746 78400629
993 307 150703913
557 929 4569649
608 523 63068112
992 573 607792995
834 94 749896848
672 833 376779867
245 918 139258773
738 29 926030271
889 949 604106336
784 948 403039114
939 720 688360135
135 37 692055614
925 843 834049953
103 656 994966368
435 908 141437563
760 740 775446274
123 138 526233845
148 78 421313533
973 168 820191600
686 282 804647180
102 851 497279063
296 616 748035483
822 781 731358901
327 546 65091107
27 464 882841469
939 888 773638239
867 362 79513476
699 703 399787913
907 103 15200190
985 158 992944302
878 240 503439693
72 637 934227572
388 913 169398481
824 187 22306861
250 225 917842099
71 223 287964268
586 979 79748113
42 472 745569509
97 998 562148840
728 856 794062535
288 53 292097636
789 110 196622478
592 792 75181383
646 144 267969868
718 672 963577038
640 39 553461888
460 769 440043868
856 274 417529628
979 356 614063487
175 120 24734765
994 82 3540337
422 942 448686508
918 847 367813039
339 365 77658483
53 93 146871798
584 126 535053790
542 287 825972993
144 238 74087406
961 688 22755118
639 321 994304744
102 295 966732780
259 744 521277789
542 257 944530926
237 63 843477946
154 438 744678749
728 937 150193455
961 538 54841684
582 807 500242068
450 552 347211487
111 407 83301542
129 23 454461296
72 918 395750296
114 359 971088845
294 504 720694698
785 825 463672017
335 421 132750086
326 899 918808473
713 944 13021111
162 908 77745229
937 905 424639326
102 476 586800900
855 941 652553065
227 444 994328249
568 680 318474944
485 674 443463698
128 569 297346710
980 739 735631364
548 467 15086060
75 199 487379151
200 175 907304863
742 410 722060198
590 256 189704838
50 789 931964545
245 268 642253395
944 979 987475134
123 149 687178280
973 468 846539551
861 184 814383759
183 6 309100213
377 576 492743613
860 250 988722437
174 600 225876956
175 524 665390444
380 968 769776092
295 405 448237318
951 368 187319773
310 162 925920830
649 352 170172161
771 447 161853223
791 387 950458013
37 234 731753564
427 922 59963283
517 893 74727300
762 821 111688017
398 397 989293753
598 234 106893241
105 838 421642931
865 54 566617589
104 98 199181561
702 743 234190344
236 108 134126688
445 461 65637057
20 167 712515104
835 41 979509270
567 541 602892577
672 906 189219307
190 61 926115006
387 502 70059169
406 330 343585596
190 22 76944220
203 525 147211478
981 3 987907488
860 758 651685339
452 120 588939643
457 26 927315189
823 343 763916539
208 735 248138253
276 783 722305287
697 595 648205424
938 548 537060156
552 710 456329124
632 496 647114094
29 39 479294637
741 446 743262201
187 512 122466214
873 989 187853041
998 79 224327214
145 716 14210749
627 752 238620778
476 984 81932350
724 751 546072757
200 964 481652720
76 594 882800600
656 779 130307809
80 323 846195111
144 89 45860840
186 174 103176968
557 871 157092294
674 640 325555997
602 413 431093379
523 729 149849870
738 555 67872903
743 415 7168063
766 479 24423709
743 790 928889541
476 349 227493152
5 787 889323804
709 355 981684739
473 579 86717136
18 769 464892531
310 439 862625739
55 169 386967060
883 328 526558656
106 425 978828154
190 681 872117894
262 445 37142394
260 955 676106898
988 685 495953630
982 14 256233962
678 847 308575877
813 502 337655662
861 573 593751821
586 183 22747641
122 32 303483807
203 672 70697164
67 9 659063313
944 792 346441206
226 772 174517145
861 553 237556884
194 852 149253036
357 107 763144592
861 312 686243811
88 469 964952878
981 538 29176850
13 689 729971315
895 72 425300125
238 351 376338205
21 381 381530915
42 396 324214331
679 975 76240285
384 700 239801250
979 129 651461550
23 398 246526158
22 772 515668581
223 782 627839585
385 56 955758348
855 484 452055252
857 757 143428024
13 506 33691652
935 438 631606885
653 246 77437243
20 327 33473915
48 169 543548131
958 791 820628809
408 1000 765241458
302 511 340287954
496 283 679231625
571 251 832192215
173 919 14998059
424 303 273590028
948 868 969205303
27 161 529246924
795 134 137630028
356 934 816094003
611 512 586870001
137 343 412755961
718 408 931286953
314 840 800214669
370 433 707113923
942 945 743847224
160 295 179901131
320 772 531586185
776 576 269922055
500 210 139999654
245 143 853055907
156 719 404764676
415 539 325387093
368 716 943611762
840 951 972880983
24 804 325288703
638 80 927181860
389 344 126036224
827 455 382475625
483 731 117907445
582 58 79662161
356 570 470780094
311 723 309703094
109 551 690849546
941 768 704291187
224 193 3498974
128 882 227620347
301 549 778360182
929 411 641942840
353 734 964208698
25 90 966114673
723 953 71349759
997 37 59698813
943 535 785688569
359 654 115043995
244 16 222505116
186 875 858052765
329 436 328988819
556 665 243518593
948 463 256150540
193 136 659560403
55 296 752133969
320 860 376040193
631 793 408123852
47 73 473040758
91 362 191866242
726 756 717543341
214 666 203103710
466 591 920389628
456 668 880268097
97 8 111011508
361 917 579168842
291 223 998009293
382 660 839456338
624 1000 595908302
685 743 560014564
926 782 558698543
518 618 274339615
775 478 811683530
967 739 442493125
315 924 611414605
341 418 300889702
408 161 901751492
166 297 401258694
57 364 58280340
505 640 16624207
518 691 34024444
785 221 356826081
944 59 936162718
436 816 765365876
403 627 713101685
536 320 971191089
624 593 539295212
676 700 323992338
553 282 296879595
185 561 71094541
856 864 199612282
539 357 824779258
400 974 377750241
956 153 202712069
120 187 868871957
700 29 32671936
368 747 563401392
300 42 121681052
599 681 495773512
403 356 999774754
351 874 254756167
299 470 389865786
884 178 82427083
667 96 305265785
391 688 53854527
903 689 484249222
672 342 884772223
134 821 351048079
23 547 72532774
770 127 145963452
891 826 380446629
485 746 467932358
171 118 702452340
822 192 486821098
595 177 719410856
761 645 789966017
544 244 133407585
784 708 368489830
441 796 970909484
614 639 449694667
55 121 24983456
337 477 525769716
986 954 833101369
922 829 158355887
755 427 457732920
887 856 64879950
553 960 543570171
238 98 835580591
205 126 465595916
123 570 680547990
9 792 543597369
446 917 317005882
568 575 302085229
874 752 112992101
69 521 583396554
524 223 327796415
351 431 654532690
475 21 665000588
529 631 193198923
176 519 409139347
914 820 660638401
618 492 808216796
676 666 589246710
585 732 766536846
370 688 65569718
94 882 194692364
368 543 921555430
847 857 300800401
148 521 234147491
934 39 812207613
360 814 236489184
539 9 154533990
708 338 652908135
423 739 525643788
737 790 118687969
77 19 959894202
751 379 665060697
423 107 925504453
351 22 863294839
942 141 87148669
786 989 92381463
439 961 665712990
61 653 640742404
971 411 328090102
397 401 914279443
217 443 224005128
106 940 966621842
518 370 203019756
588 866 728792078
106 464 955021410
771 867 861652376
712 616 402859161
584 396 314876431
610 917 209115834
547 469 269837943
185 566 848897544
919 686 944303584
959 629 800116621
212 4 857575080
544 658 352552622
460 219 572058933
891 680 243489997
976 73 781307408
430 901 40623805
46 219 408490836
772 622 28366391
60 644 861423863
15 405 178120614
159 674 270755540
788 613 81153851
913 594 572436316
31 320 391595965
348 737 653049680
944 951 859212629
754 370 212511738
184 299 980862540
409 725 214914535
70 226 413267519
14 531 89700914
405 414 51880986
21 945 305642775
802 598 31777946
898 719 689470229
592 986 132643739
366 568 728602808
863 946 54513111
887 306 138983557
720 939 625351388
277 91 450723451
989 545 888440337
369 942 193163792
528 170 624003733
231 228 555569482
397 323 381628573
401 876 119247588
866 152 325817460
18 265 804030898
694 205 3785045
62 762 152799617
686 617 63556719
675 862 295610122
944 432 26331999
490 425 682483687
361 310 866557835
892 216 248690291
776 470 983185814
881 398 642945271
572 738 809815853
264 820 545638239
762 267 238150534
509 413 362972931
838 388 22912097
45 836 354808953
931 567 954085384
740 810 102154561
284 323 790625375
637 265 456219948
247 239 718719864
452 114 290044300
989 970 34453214
165 962 548018250
415 375 773111868
127 158 242545390
725 163 198016681
296 362 519754053
423 392 458655453
67 581 150207588
870 399 261804099
838 248 238830437
995 109 61713364
826 368 39366176
335 56 633721590
658 519 416394388
191 1 513855019
325 152 833359264
315 339 384261607
321 257 782577906
915 393 730537728
176 338 151267645
46 853 788729612
532 597 707371418
113 310 868615804
523 950 955883264
842 547 450754065
418 126 524883421
450 406 362727617
665 762 230542761
940 142 440529514
590 768 778229607
620 297 16377807
590 172 127750017
298 160 41696883
169 944 222930402
47 262 494518840
991 803 922803971
964 109 783079506
458 897 353968430
399 307 700921493
988 608 603573185
446 623 247477354
87 66 729034207
846 799 142740608
958 792 210786123
359 648 823896927
234 211 107396077
169 128 619490544
931 469 624766634
456 480 675630811
720 750 772919177
715 125 67679166
209 567 904922964
895 482 664094643
21 892 904912043
226 56 9049473
422 269 65579166
208 377 525656801
297 846 38556301
92 444 933697777
411 94 337605898
891 116 134444209
598 588 115394203
581 942 12737788
373 41 709093076
708 591 756516420
701 669 601151709
676 140 647205547
953 426 133962065
400 955 614689242
225 898 613255752
490 78 586156992
756 291 711612142
30 634 61935498
739 877 979120577
257 153 530224594
956 117 397500687
240 497 446076953
973 637 126818242
980 610 140362912
88 948 580675847
140 116 413778777
632 23 660533825
433 200 417001394
376 944 855815044
481 475 549776784
295 183 20764424
355 595 615714229
558 533 823799361
119 875 272314246
344 808 679677453
757 566 124119788
680 239 864403440
126 309 691562287
624 897 893226449
745 909 114849717
123 396 734865794
440 84 516495893
478 989 380137074
472 261 15932456
696 869 598310698
611 112 997285311
721 116 4809433
2 712 206041590
745 90 413519802
523 139 481543885
300 967 808469671
929 216 517259041
32 40 715324445
210 641 585290306
614 935 940152914
620 389 64227107
487 531 157674909
166 766 895538357
924 196 672880505
12 99 92325301
283 176 427187922
134 541 946260157
665 798 740122591
92 388 67454666
494 296 366848330
352 889 678028906
739 725 366595054
336 453 917221011
290 623 579994650
396 204 244850648
863 53 76049526
674 561 117582108
73 191 125531314
554 698 752912791
214 459 60809679
629 882 200513868
334 83 792531149
481 548 826304705
434 975 831367361
524 773 859447525
532 468 499036763
207 764 201394101
836 852 233265635
249 765 44186536
269 876 74459887
765 209 638462394
547 750 992397208
186 706 625614886
291 909 86710439
186 223 844607470
621 725 68763657
692 465 854326932
283 791 532775564
737 608 908884841
155 27 680794778
631 90 244222215
667 550 390050926
570 647 734596179
429 804 528081779
181 413 65137439
460 642 88687214
837 775 642347397
911 969 871158164
681 955 831262623
27 566 173094565
918 714 196221667
56 340 236684365
312 647 877656290
366 726 98050175
486 863 992611709
268 186 415554327
846 665 305748404
405 801 676537205
218 117 634132501
825 172 991749115
