1260
1 4
1 4
2 4
3 4
3 4
3 26
3 82
3 133
4 133
4 133
4 161
4 175
4 177
4 230
4 233
4 254
4 254
4 258
4 262
4 266
4 266
4 279
6 279
6 292
6 292
6 301
7 302
7 305
7 305
7 311
7 311
7 311
7 311
7 333
8 333
9 347
9 347
9 357
10 360
10 366
10 367
11 367
12 371
12 371
13 371
14 379
15 380
15 380
15 380
16 382
16 386
16 394
16 397
16 397
17 401
17 401
18 408
18 426
19 434
19 434
19 434
20 440
20 441
20 441
20 442
21 445
21 449
21 450
22 450
22 453
22 458
22 458
22 459
22 459
23 459
23 460
23 460
24 465
24 465
24 465
25 465
25 466
26 466
28 469
28 472
29 472
29 475
30 475
30 476
30 478
31 478
32 478
32 479
32 480
32 480
32 480
32 484
32 484
33 485
33 485
34 486
34 486
34 497
34 497
34 498
35 501
35 503
35 505
36 505
36 507
36 507
36 515
36 518
36 518
36 518
37 520
37 523
37 523
38 523
38 527
38 528
38 530
38 530
39 530
39 530
39 534
39 534
40 534
40 538
40 538
40 539
40 544
40 547
41 548
41 548
43 549
43 550
43 555
43 555
44 557
44 557
45 558
45 558
45 558
45 562
45 562
46 562
46 564
46 564
47 568
47 569
47 570
47 570
47 570
47 572
47 573
47 573
48 573
48 575
48 575
48 576
49 576
49 576
49 579
49 581
49 583
50 583
50 586
50 586
50 587
51 587
51 587
51 589
51 590
52 593
52 595
52 596
52 596
53 596
53 597
53 597
53 603
53 603
53 604
54 604
54 604
54 605
54 605
55 608
55 608
56 608
56 608
56 608
56 610
57 610
57 613
58 616
58 616
58 616
58 618
58 618
58 619
59 619
59 622
59 624
59 625
59 625
60 626
60 626
60 626
61 626
62 627
62 628
62 628
63 630
63 631
63 632
64 633
64 633
64 633
64 633
65 633
65 634
65 635
65 638
66 638
66 638
67 639
67 639
67 640
68 640
68 640
69 641
69 642
70 643
70 644
71 644
71 644
71 644
71 644
71 646
71 646
72 646
72 648
72 648
72 648
72 650
72 650
72 652
72 653
73 653
73 653
74 653
74 653
74 653
74 655
74 655
76 655
76 656
76 656
76 658
77 658
78 659
78 660
78 660
78 660
79 660
79 662
80 662
81 662
82 665
82 666
82 666
84 666
84 667
84 669
85 669
85 672
85 673
85 674
85 674
86 675
86 676
86 676
86 676
86 677
86 677
86 678
87 678
87 680
87 680
88 680
88 681
88 681
90 681
90 682
90 682
91 682
92 683
94 684
94 685
94 685
95 685
95 687
95 687
95 687
95 691
96 691
96 691
97 691
97 692
97 693
97 693
97 693
98 693
98 695
98 695
99 696
99 696
99 696
99 697
99 697
100 697
101 698
101 699
101 700
102 701
102 701
103 702
103 702
103 703
104 703
104 703
104 703
104 703
105 703
105 704
105 706
106 706
106 707
106 707
106 708
107 708
107 708
107 708
107 708
107 708
108 708
108 709
109 710
109 710
109 711
110 711
110 713
110 713
112 714
112 714
113 715
114 715
114 717
115 718
115 718
115 718
115 720
116 720
116 721
116 721
116 721
117 723
118 725
118 727
118 728
118 728
118 728
118 729
118 729
120 729
120 730
121 734
122 734
122 734
122 734
122 735
122 735
122 735
122 738
122 738
122 740
122 740
122 743
123 744
123 744
123 745
124 745
124 745
125 746
125 746
125 748
127 748
127 748
127 748
127 749
127 749
128 749
128 752
128 754
128 755
129 758
129 758
129 758
130 758
130 761
130 761
130 762
130 763
131 765
132 765
132 765
132 767
133 768
133 768
133 769
133 772
135 773
135 773
135 774
135 774
135 774
135 774
135 776
136 776
137 777
139 777
139 779
140 779
140 779
141 779
141 779
141 780
141 780
142 780
142 782
142 782
142 787
142 787
143 788
143 788
143 788
143 788
143 789
143 790
144 791
144 791
144 792
144 792
144 792
144 793
144 794
144 794
145 794
145 795
145 795
145 795
146 795
146 795
146 796
146 796
146 796
147 796
147 797
147 797
147 797
147 799
147 799
148 799
148 799
148 799
148 799
148 799
149 799
149 800
150 800
150 800
150 801
150 801
151 802
151 802
151 803
152 804
153 805
153 805
153 805
153 806
154 806
155 806
155 808
156 808
156 808
157 810
157 811
157 813
157 815
157 815
157 816
157 816
158 816
158 817
159 817
159 818
159 819
159 819
160 819
160 820
160 821
160 821
160 821
160 821
161 821
163 821
163 822
163 822
163 822
163 823
163 824
163 824
164 824
165 825
165 825
165 827
167 828
168 828
168 828
168 828
168 829
170 830
170 831
171 831
172 832
172 832
172 832
172 833
173 833
174 833
174 834
174 835
174 835
175 835
175 836
175 836
175 837
177 837
179 837
180 838
180 838
180 839
180 839
181 839
181 841
181 841
182 844
182 844
183 844
183 844
183 844
184 844
184 845
184 845
184 846
185 846
185 846
185 846
186 847
186 847
186 847
186 847
187 848
187 848
187 850
187 850
187 852
188 852
188 853
188 853
189 854
189 854
189 855
190 856
190 857
190 857
191 858
191 859
191 859
191 860
192 861
192 861
192 861
192 862
192 862
192 863
193 865
193 865
194 867
194 867
195 867
196 867
196 867
196 867
196 868
197 870
197 871
197 871
198 871
198 872
198 872
199 873
199 873
199 873
199 873
200 873
200 873
200 873
201 874
202 874
202 874
202 875
203 877
203 878
203 878
203 878
204 879
205 879
206 880
206 880
207 881
207 881
207 881
208 881
208 881
208 882
208 882
209 882
209 884
209 884
209 884
209 885
209 886
210 886
211 886
211 890
211 890
211 890
211 890
212 890
212 890
212 890
212 891
212 891
212 891
213 892
213 892
213 893
214 894
215 894
215 894
216 895
216 896
216 896
217 896
217 897
217 897
217 897
217 898
218 898
218 898
218 898
218 899
219 899
219 899
220 899
220 899
221 899
221 899
221 900
222 900
223 900
223 903
223 903
223 903
223 904
224 905
225 905
225 905
225 905
225 905
225 906
225 906
226 907
226 908
226 909
227 909
227 910
227 910
228 911
228 911
228 911
229 911
229 912
230 912
230 913
230 913
230 913
232 914
236 914
236 914
237 914
237 915
238 915
238 915
238 915
238 915
238 915
238 915
238 916
240 916
241 916
241 916
241 917
242 917
242 918
242 918
243 919
243 919
243 919
243 920
244 921
244 921
244 922
245 922
245 922
245 923
245 925
245 925
245 926
245 926
245 926
246 926
247 927
247 927
248 927
248 928
248 928
249 928
251 928
251 929
251 929
252 930
252 930
252 930
254 931
254 931
254 931
254 932
257 932
257 932
258 932
260 933
260 933
260 933
261 933
262 933
262 934
262 935
265 935
265 936
266 936
268 936
269 937
269 937
269 937
270 939
272 939
274 940
274 940
274 940
274 940
274 941
275 941
276 942
276 943
276 943
277 943
277 943
277 943
277 944
278 944
279 944
279 944
279 945
279 945
279 947
279 947
281 947
281 948
281 948
282 948
282 949
282 951
283 951
283 952
284 952
284 952
285 953
287 953
287 953
288 955
289 955
289 955
289 955
289 955
289 955
290 956
291 956
291 956
291 956
292 957
292 957
292 957
294 958
294 959
295 959
296 959
296 959
296 959
297 959
297 960
297 960
298 961
298 961
298 962
299 962
300 963
300 963
301 965
301 965
301 965
304 966
305 966
305 966
305 967
307 967
307 967
307 968
307 968
307 969
309 969
309 969
309 970
310 970
311 971
311 971
311 972
313 972
313 972
314 974
314 974
314 974
314 974
314 975
315 975
315 975
316 976
316 976
316 976
316 977
316 978
316 978
316 978
317 979
318 979
318 979
318 979
318 979
319 979
319 980
319 980
319 981
319 981
320 981
320 981
320 982
321 982
321 983
321 983
321 984
322 984
324 984
325 985
325 985
326 986
327 986
328 986
331 986
332 987
332 987
332 988
333 988
333 988
333 988
335 989
336 989
336 989
336 989
336 989
336 989
337 989
337 990
337 990
338 991
339 991
339 992
339 992
341 992
341 993
341 993
342 993
342 994
342 994
343 994
344 994
344 995
344 995
345 995
345 996
345 996
345 997
345 997
345 997
345 998
346 998
346 998
349 998
349 998
349 999
349 999
350 999
350 999
354 1000
356 1000
356 1000
356 1000
359 1000
359 1000
359 1000
359 1000
360 1000
360 1000
363 1001
363 1001
363 1001
363 1001
364 1002
364 1002
365 1003
365 1003
365 1003
370 1004
371 1004
374 1004
374 1004
374 1004
375 1004
375 1004
375 1004
376 1004
377 1004
378 1005
382 1005
382 1005
382 1005
384 1005
385 1006
386 1006
386 1006
386 1007
386 1007
390 1007
391 1007
392 1008
392 1008
393 1009
393 1009
394 1010
394 1010
396 1010
396 1011
396 1011
396 1012
399 1013
399 1013
399 1013
399 1013
399 1014
400 1014
400 1014
400 1015
401 1015
403 1015
403 1015
404 1015
404 1016
404 1016
404 1016
405 1016
405 1017
408 1018
408 1018
411 1018
412 1018
413 1020
413 1020
413 1020
413 1020
413 1021
413 1021
414 1022
415 1022
415 1023
415 1024
417 1024
417 1024
417 1024
417 1024
418 1024
419 1026
419 1026
419 1026
421 1026
425 1027
425 1027
425 1027
426 1027
428 1028
430 1028
430 1028
431 1029
432 1029
432 1030
432 1030
432 1031
434 1031
438 1031
438 1032
438 1032
439 1033
439 1033
440 1033
444 1033
444 1033
447 1034
447 1034
448 1034
448 1035
449 1035
452 1035
453 1036
453 1036
455 1036
455 1036
455 1036
457 1037
462 1037
462 1038
464 1038
468 1038
468 1038
469 1038
469 1039
471 1039
471 1040
471 1040
474 1040
474 1040
478 1040
478 1041
478 1041
478 1041
478 1041
482 1042
482 1042
482 1043
483 1043
484 1043
484 1043
488 1043
488 1044
489 1045
490 1045
490 1045
494 1045
494 1045
494 1046
495 1046
495 1046
496 1046
496 1046
500 1046
500 1047
500 1047
500 1047
501 1048
501 1048
503 1049
503 1049
505 1049
505 1049
505 1049
507 1049
507 1049
509 1049
509 1050
509 1050
509 1050
510 1050
510 1050
512 1050
512 1050
512 1051
515 1051
515 1051
515 1051
517 1051
517 1052
518 1052
520 1052
523 1053
525 1053
525 1053
526 1053
526 1053
527 1054
532 1054
536 1054
538 1055
538 1055
538 1055
541 1055
543 1055
543 1055
543 1057
543 1057
543 1057
546 1057
553 1058
557 1058
557 1058
560 1059
560 1059
560 1060
561 1060
561 1060
564 1060
564 1060
566 1062
566 1062
567 1062
567 1062
567 1063
579 1063
581 1063
581 1063
581 1064
585 1064
589 1064
589 1064
589 1064
589 1064
593 1064
593 1065
595 1065
599 1066
601 1067
601 1067
602 1067
602 1068
602 1068
602 1068
602 1069
603 1069
603 1069
603 1070
603 1071
607 1071
607 1071
608 1071
610 1072
610 1072
613 1072
613 1072
616 1072
618 1073
618 1073
618 1073
618 1073
624 1073
630 1073
637 1073
637 1073
638 1074
648 1074
648 1074
648 1075
650 1075
650 1075
664 1075
665 1076
669 1076
671 1076
671 1076
671 1077
672 1077
672 1078
687 1078
695 1079
713 1079
713 1079
723 1080
725 1080
725 1080
737 1080
738 1080
738 1081
740 1081
742 1081
743 1081
748 1081
752 1082
752 1082
758 1082
758 1083
765 1083
771 1083
772 1083
776 1083
776 1084
779 1084
779 1084
786 1084
787 1084
813 1084
815 1084
844 1085
850 1085
867 1085
877 1086
889 1086
890 1086
947 1087
955 1087
1020 1087
1026 1088
