B
32
0 1 2 3 4 5 6 7 8 9 10 11 12 13 14 15 16 17 18 19 20 21 22 23 24 25 26 27 28 29 30 31
1 0 3 2 5 4 7 6 9 8 11 10 13 12 15 14 17 16 19 18 21 20 23 22 25 24 27 26 29 28 31 30
2 3 0 1 6 7 4 5 10 11 8 9 14 15 12 13 18 19 16 17 22 23 20 21 26 27 24 25 30 31 28 29
3 2 1 0 7 6 5 4 11 10 9 8 15 14 13 12 19 18 17 16 23 22 21 20 27 26 25 24 31 30 29 28
4 5 6 7 0 1 2 3 12 13 14 15 8 9 10 11 20 21 22 23 16 17 18 19 28 29 30 31 24 25 26 27
5 4 7 6 1 0 3 2 13 12 15 14 9 8 11 10 21 20 23 22 17 16 19 18 29 28 31 30 25 24 27 26
6 7 4 5 2 3 0 1 14 15 12 13 10 11 8 9 22 23 20 21 18 19 16 17 30 31 28 29 26 27 24 25
7 6 5 4 3 2 1 0 15 14 13 12 11 10 9 8 23 22 21 20 19 18 17 16 31 30 29 28 27 26 25 24
8 9 10 11 12 13 14 15 0 1 2 3 4 5 6 7 24 25 26 27 28 29 30 31 16 17 18 19 20 21 22 23
9 8 11 10 13 12 15 14 1 0 3 2 5 4 7 6 25 24 27 26 29 28 31 30 17 16 19 18 21 20 23 22
10 11 8 9 14 15 12 13 2 3 0 1 6 7 4 5 26 27 24 25 30 31 28 29 18 19 16 17 22 23 20 21
11 10 9 8 15 14 13 12 3 2 1 0 7 6 5 4 27 26 25 24 31 30 29 28 19 18 17 16 23 22 21 20
12 13 14 15 8 9 10 11 4 5 6 7 0 1 2 3 28 29 30 31 24 25 26 27 20 21 22 23 16 17 18 19
13 12 15 14 9 8 11 10 5 4 7 6 1 0 3 2 29 28 31 30 25 24 27 26 21 20 23 22 17 16 19 18
14 15 12 13 10 11 8 9 6 7 4 5 2 3 0 1 30 31 28 29 26 27 24 25 22 23 20 21 18 19 16 17
15 14 13 12 11 10 9 8 7 6 5 4 3 2 1 0 31 30 29 28 27 26 25 24 23 22 21 20 19 18 17 16
16 17 18 19 20 21 22 23 24 25 26 27 28 29 30 31 0 1 2 3 4 5 6 7 8 9 10 11 12 13 14 15
17 16 19 18 21 20 23 22 25 24 27 26 29 28 31 30 1 0 3 2 5 4 7 6 9 8 11 10 13 12 15 14
18 19 16 17 22 23 20 21 26 27 24 25 30 31 28 29 2 3 0 1 6 7 4 5 10 11 8 9 14 15 12 13
19 18 17 16 23 22 21 20 27 26 25 24 31 30 29 28 3 2 1 0 7 6 5 4 11 10 9 8 15 14 13 12
20 21 22 23 16 17 18 19 28 29 30 31 24 25 26 27 4 5 6 7 0 1 2 3 12 13 14 15 8 9 10 11
21 20 23 22 17 16 19 18 29 28 31 30 25 24 27 26 5 4 7 6 1 0 3 2 13 12 15 14 9 8 11 10
22 23 20 21 18 19 16 17 30 31 28 29 26 27 24 25 6 7 4 5 2 3 0 1 14 15 12 13 10 11 8 9
23 22 21 20 19 18 17 16 31 30 29 28 27 26 25 24 7 6 5 4 3 2 1 0 15 14 13 12 11 10 9 8
24 25 26 27 28 29 30 31 16 17 18 19 20 21 22 23 8 9 10 11 12 13 14 15 0 1 2 3 4 5 6 7
25 24 27 26 29 28 31 30 17 16 19 18 21 20 23 22 9 8 11 10 13 12 15 14 1 0 3 2 5 4 7 6
26 27 24 25 30 31 28 29 18 19 16 17 22 23 20 21 10 11 8 9 14 15 12 13 2 3 0 1 6 7 4 5
27 26 25 24 31 30 29 28 19 18 17 16 23 22 21 20 11 10 9 8 15 14 13 12 3 2 1 0 7 6 5 4
28 29 30 31 24 25 26 27 20 21 22 23 16 17 18 19 12 13 14 15 8 9 10 11 4 5 6 7 0 1 2 3
29 28 31 30 25 24 27 26 21 20 23 22 17 16 19 18 13 12 15 14 9 8 11 10 5 4 7 6 1 0 3 2
30 31 28 29 26 27 24 25 22 23 20 21 18 19 16 17 14 15 12 13 10 11 8 9 6 7 4 5 2 3 0 1
31 30 29 28 27 26 25 24 23 22 21 20 19 18 17 16 15 14 13 12 11 10 9 8 7 6 5 4 3 2 1 0
992
1 2 7
1 3 17
1 4 22
4 5 13
3 6 22
3 7 30
2 8 16
7 9 31
8 10 31
3 11 25
4 12 23
6 13 16
13 14 19
7 15 12
14 16 2
11 17 5
9 18 20
5 19 18
14 20 0
14 21 19
2 22 25
17 23 28
20 24 19
17 25 4
21 26 15
1 27 14
2 28 14
28 29 22
16 30 21
15 31 0
19 32 28
8 33 29
25 34 29
24 35 31
24 36 27
25 37 31
30 38 16
18 39 12
13 40 27
7 41 22
4 42 8
36 43 26
6 44 1
6 45 16
35 46 22
3 47 18
30 48 8
4 49 15
37 50 27
2 51 17
47 52 29
34 53 11
37 54 17
7 55 6
15 56 0
31 57 13
55 58 2
36 59 23
26 60 8
34 61 20
44 62 13
58 63 27
54 64 30
23 65 18
9 66 7
21 67 31
5 68 31
11 69 14
1 70 21
24 71 3
70 72 28
18 73 2
70 74 20
37 75 28
59 76 27
35 77 28
5 78 20
2 79 18
9 80 21
25 81 31
58 82 22
35 83 1
27 84 24
45 85 1
24 86 20
23 87 26
38 88 5
9 89 12
25 90 24
32 91 1
34 92 18
25 93 31
62 94 1
16 95 15
56 96 7
33 97 12
68 98 3
36 99 16
82 100 2
57 101 26
34 102 6
90 103 4
28 104 21
34 105 3
22 106 4
60 107 31
71 108 4
12 109 22
47 110 13
46 111 11
26 112 10
57 113 20
18 114 5
77 115 3
114 116 19
49 117 20
86 118 2
33 119 23
1 120 2
15 121 0
44 122 17
53 123 13
69 124 10
12 125 23
104 126 16
102 127 29
60 128 23
40 129 12
101 130 19
114 131 18
82 132 4
131 133 4
6 134 1
74 135 13
61 136 4
110 137 26
28 138 23
36 139 4
124 140 28
97 141 28
61 142 2
63 143 29
35 144 6
87 145 14
98 146 6
39 147 21
87 148 13
138 149 4
117 150 28
35 151 30
102 152 21
129 153 9
68 154 13
139 155 26
91 156 18
11 157 29
81 158 26
9 159 3
78 160 14
12 161 17
80 162 22
8 163 5
87 164 6
157 165 11
27 166 9
71 167 0
154 168 12
46 169 6
34 170 13
4 171 9
20 172 4
150 173 17
106 174 18
61 175 8
3 176 8
32 177 13
106 178 27
65 179 25
174 180 7
102 181 17
83 182 0
104 183 13
102 184 0
95 185 8
128 186 13
109 187 8
176 188 9
39 189 16
8 190 0
10 191 3
3 192 13
107 193 26
62 194 13
84 195 10
72 196 7
92 197 15
107 198 27
161 199 29
118 200 10
99 201 7
161 202 6
184 203 16
150 204 27
68 205 18
17 206 29
154 207 13
99 208 19
134 209 17
137 210 3
189 211 15
146 212 31
71 213 28
53 214 16
61 215 6
94 216 2
178 217 28
118 218 16
81 219 24
112 220 16
142 221 16
127 222 0
214 223 28
123 224 19
103 225 10
44 226 22
62 227 0
148 228 7
3 229 16
13 230 24
26 231 2
73 232 0
20 233 30
213 234 2
127 235 24
14 236 1
58 237 1
157 238 3
31 239 10
234 240 4
216 241 27
240 242 30
202 243 21
88 244 23
204 245 4
227 246 11
8 247 8
152 248 27
129 249 5
198 250 22
160 251 9
208 252 5
178 253 29
150 254 28
208 255 15
112 256 0
31 257 30
1 258 19
187 259 7
168 260 7
186 261 15
198 262 1
257 263 17
187 264 12
217 265 9
91 266 2
145 267 2
96 268 22
124 269 28
23 270 5
84 271 1
109 272 29
262 273 10
204 274 13
46 275 13
16 276 14
53 277 9
212 278 18
277 279 20
174 280 12
52 281 3
50 282 31
237 283 27
165 284 10
99 285 23
24 286 20
283 287 26
52 288 20
211 289 24
203 290 3
70 291 31
50 292 6
137 293 10
277 294 21
135 295 9
167 296 17
282 297 10
258 298 5
70 299 12
271 300 27
82 301 5
137 302 2
48 303 18
40 304 29
176 305 30
12 306 15
71 307 22
226 308 5
102 309 11
281 310 4
141 311 8
301 312 19
252 313 23
240 314 12
98 315 14
20 316 31
175 317 31
29 318 6
259 319 31
46 320 15
260 321 22
238 322 7
91 323 9
70 324 3
220 325 4
252 326 21
186 327 10
50 328 12
136 329 1
93 330 11
220 331 24
42 332 14
141 333 28
173 334 26
197 335 27
216 336 4
23 337 24
304 338 4
171 339 16
336 340 26
200 341 11
278 342 0
152 343 6
197 344 18
279 345 0
334 346 27
291 347 3
151 348 2
96 349 20
306 350 20
84 351 30
195 352 18
17 353 27
343 354 29
306 355 3
189 356 1
184 357 26
13 358 31
52 359 21
72 360 31
18 361 12
79 362 21
329 363 5
336 364 17
308 365 31
25 366 13
277 367 30
319 368 18
250 369 23
333 370 12
226 371 27
309 372 15
54 373 8
362 374 9
126 375 13
32 376 9
287 377 30
114 378 15
293 379 24
151 380 21
321 381 22
51 382 29
323 383 21
36 384 28
90 385 4
158 386 7
42 387 16
361 388 29
116 389 13
227 390 21
273 391 8
232 392 9
344 393 13
349 394 1
175 395 20
38 396 4
243 397 16
216 398 28
256 399 26
101 400 8
41 401 27
142 402 7
292 403 24
69 404 3
244 405 2
53 406 28
119 407 30
111 408 22
347 409 17
354 410 5
339 411 15
130 412 23
106 413 6
352 414 1
21 415 6
120 416 14
191 417 19
61 418 4
374 419 13
158 420 25
165 421 30
171 422 22
237 423 5
9 424 10
26 425 3
365 426 17
71 427 3
266 428 5
58 429 14
422 430 6
194 431 16
143 432 5
244 433 4
311 434 22
120 435 6
204 436 23
214 437 26
186 438 27
39 439 23
58 440 27
204 441 26
379 442 30
399 443 8
441 444 8
384 445 2
279 446 1
62 447 16
76 448 6
288 449 7
211 450 21
2 451 28
291 452 20
69 453 12
198 454 2
448 455 12
180 456 2
201 457 14
413 458 4
141 459 20
251 460 22
318 461 26
150 462 11
133 463 30
371 464 9
268 465 18
60 466 24
228 467 5
265 468 9
61 469 14
307 470 5
270 471 26
210 472 23
417 473 23
94 474 27
67 475 1
17 476 8
401 477 12
253 478 27
206 479 19
152 480 6
222 481 0
234 482 24
435 483 27
332 484 14
154 485 24
453 486 26
141 487 27
168 488 18
428 489 14
345 490 27
488 491 7
389 492 22
94 493 18
2 494 11
438 495 6
467 496 21
32 497 6
192 498 14
119 499 22
242 500 27
236 501 0
225 502 26
157 503 6
351 504 10
226 505 11
50 506 27
340 507 28
128 508 24
463 509 4
467 510 17
112 511 15
151 512 13
344 513 30
290 514 15
237 515 12
147 516 8
411 517 0
306 518 29
132 519 20
476 520 25
11 521 4
107 522 21
270 523 26
428 524 5
162 525 24
160 526 7
315 527 7
337 528 7
64 529 31
15 530 22
238 531 23
366 532 12
459 533 15
97 534 26
381 535 28
46 536 21
527 537 19
382 538 31
133 539 24
361 540 23
54 541 8
324 542 3
185 543 5
28 544 27
462 545 2
415 546 26
512 547 15
401 548 0
4 549 6
82 550 11
437 551 22
149 552 23
214 553 15
290 554 18
503 555 15
510 556 4
66 557 11
300 558 29
557 559 1
449 560 1
188 561 30
3 562 18
253 563 10
562 564 28
263 565 28
557 566 6
468 567 26
136 568 22
440 569 16
190 570 5
310 571 21
251 572 5
296 573 26
438 574 15
439 575 20
173 576 17
129 577 11
489 578 23
135 579 2
99 580 24
266 581 9
172 582 4
181 583 1
44 584 12
142 585 15
333 586 18
380 587 4
213 588 18
487 589 12
164 590 16
166 591 21
507 592 3
117 593 1
98 594 1
70 595 15
377 596 12
430 597 5
450 598 29
170 599 2
190 600 16
22 601 3
474 602 15
413 603 20
381 604 2
155 605 25
447 606 23
240 607 28
375 608 14
432 609 25
380 610 8
85 611 7
475 612 16
516 613 9
496 614 9
429 615 22
240 616 25
25 617 5
602 618 21
54 619 28
517 620 15
188 621 25
144 622 29
91 623 2
147 624 11
586 625 10
355 626 3
512 627 4
153 628 27
358 629 12
255 630 31
306 631 19
43 632 0
248 633 11
482 634 28
119 635 20
356 636 15
58 637 5
108 638 26
547 639 30
75 640 18
539 641 12
427 642 11
338 643 29
139 644 6
430 645 7
148 646 24
493 647 19
301 648 29
193 649 15
340 650 28
388 651 20
470 652 27
513 653 20
249 654 6
237 655 8
589 656 27
107 657 24
655 658 25
331 659 11
565 660 9
646 661 17
230 662 13
448 663 14
177 664 7
22 665 9
621 666 13
657 667 21
73 668 11
101 669 31
154 670 24
491 671 24
358 672 29
578 673 5
447 674 3
526 675 5
6 676 28
60 677 2
424 678 19
408 679 26
410 680 24
422 681 15
150 682 6
398 683 14
429 684 23
370 685 28
423 686 9
365 687 7
305 688 18
72 689 11
554 690 1
363 691 3
237 692 22
299 693 18
649 694 5
221 695 17
46 696 6
649 697 27
523 698 0
435 699 23
163 700 22
497 701 5
241 702 18
224 703 12
56 704 16
166 705 3
471 706 13
217 707 29
150 708 17
79 709 26
74 710 26
552 711 11
113 712 10
70 713 4
265 714 19
328 715 9
34 716 1
436 717 18
501 718 9
442 719 0
395 720 16
18 721 4
139 722 29
224 723 12
76 724 3
583 725 17
100 726 9
670 727 30
705 728 28
471 729 3
371 730 23
37 731 27
14 732 16
180 733 25
522 734 6
296 735 25
514 736 10
357 737 6
269 738 11
29 739 7
271 740 5
529 741 15
273 742 11
505 743 4
415 744 20
219 745 15
684 746 4
632 747 5
266 748 27
690 749 20
288 750 3
249 751 17
321 752 21
472 753 1
144 754 13
152 755 7
240 756 15
340 757 13
528 758 24
23 759 20
233 760 9
394 761 0
556 762 17
98 763 31
449 764 26
96 765 27
529 766 22
396 767 0
565 768 11
417 769 14
414 770 28
632 771 2
267 772 24
304 773 1
601 774 8
694 775 7
464 776 21
740 777 15
504 778 23
419 779 2
44 780 5
428 781 4
683 782 25
170 783 29
731 784 2
682 785 4
323 786 15
751 787 18
766 788 26
138 789 6
77 790 19
198 791 20
133 792 14
505 793 18
19 794 14
199 795 5
119 796 19
353 797 9
758 798 2
739 799 0
164 800 19
794 801 28
298 802 0
283 803 15
24 804 11
336 805 17
631 806 16
146 807 19
134 808 13
298 809 4
477 810 14
496 811 1
623 812 29
262 813 1
663 814 9
772 815 1
23 816 22
760 817 13
783 818 5
364 819 15
497 820 4
319 821 28
759 822 24
680 823 28
305 824 10
413 825 26
237 826 15
516 827 13
219 828 27
569 829 5
731 830 8
139 831 24
607 832 3
14 833 15
490 834 23
706 835 12
644 836 29
647 837 30
604 838 3
514 839 8
300 840 28
11 841 14
818 842 9
199 843 1
439 844 5
737 845 12
563 846 22
6 847 30
478 848 17
211 849 26
69 850 14
537 851 29
722 852 14
193 853 16
38 854 9
524 855 14
722 856 29
597 857 23
1 858 19
427 859 21
289 860 19
690 861 14
535 862 10
339 863 11
849 864 25
287 865 7
429 866 2
283 867 27
270 868 14
563 869 9
273 870 2
148 871 7
289 872 3
377 873 13
776 874 6
597 875 2
532 876 28
772 877 3
70 878 29
744 879 21
284 880 20
442 881 13
389 882 10
693 883 29
883 884 23
179 885 1
349 886 6
482 887 9
758 888 7
841 889 9
712 890 26
89 891 31
758 892 25
151 893 4
459 894 7
733 895 22
24 896 24
236 897 4
150 898 0
665 899 27
273 900 31
811 901 16
411 902 12
872 903 14
804 904 1
635 905 2
141 906 7
118 907 4
651 908 2
47 909 8
906 910 0
330 911 5
450 912 29
733 913 5
119 914 26
403 915 14
508 916 31
729 917 15
733 918 13
680 919 14
906 920 8
865 921 16
675 922 4
832 923 10
164 924 15
396 925 8
138 926 31
471 927 27
501 928 29
789 929 7
146 930 17
419 931 12
345 932 15
555 933 21
586 934 1
578 935 31
412 936 22
561 937 12
368 938 11
638 939 8
601 940 24
782 941 26
273 942 29
508 943 15
88 944 14
620 945 2
617 946 29
233 947 16
689 948 6
663 949 26
445 950 0
828 951 27
712 952 1
613 953 13
779 954 18
895 955 22
407 956 20
173 957 24
432 958 19
956 959 25
298 960 9
827 961 15
488 962 21
287 963 15
499 964 30
152 965 23
758 966 1
817 967 26
656 968 2
700 969 11
12 970 18
729 971 13
473 972 29
618 973 26
682 974 23
875 975 17
245 976 6
72 977 5
103 978 19
627 979 3
574 980 13
590 981 3
804 982 30
655 983 18
311 984 17
590 985 31
205 986 3
653 987 4
906 988 9
607 989 22
494 990 1
491 991 16
73 992 29
0 0 0 0 0 0 336 0 933 0 0 0 283 0 0 0 0 72 0 0 0 261 0 525 201 619 449 248 804 0 433 0 0 0 0 0 0 0 106 238 0 880 0 0 0 219 0 0 305 75 0 0 0 0 0 0 0 0 0 0 0 0 0 590 393 815 0 0 229 0 0 18 0 0 50 252 499 918 200 0 0 0 0 0 553 0 0 0 835 0 0 0 0 407 528 0 439 181 0 0 0 0 0 0 772 39 0 0 609 0 627 740 671 0 0 548 0 0 0 0 0 0 0 0 0 0 0 0 0 0 0 628 203 0 0 0 0 0 0 0 306 784 0 0 0 0 0 0 0 0 0 0 0 0 633 0 0 0 0 0 446 702 681 280 828 0 0 688 0 877 0 0 425 0 0 0 733 0 0 0 98 0 0 0 0 0 0 0 0 231 0 0 796 0 0 0 389 0 402 79 25 0 133 0 721 429 0 0 0 0 0 0 0 858 0 0 0 0 46 0 0 244 902 0 572 0 0 0 69 415 190 0 668 0 0 0 0 40 0 0 0 0 0 222 329 0 0 28 0 0 0 76 0 0 0 836 0 0 0 0 22 0 0 0 0 898 0 0 0 724 769 0 0 0 0 675 0 0 0 164 750 0 13 0 491 0 0 0 0 0 0 0 657 0 0 0 0 519 0 0 0 0 0 0 49 141 0 0 0 0 0 0 0 892 0 0 0 0 0 0 0 0 0 0 0 0 823 0 245 0 873 0 0 0 0 7 0 0 0 500 703 0 0 0 430 0 0 0 0 0 0 0 743 0 0 0 973 0 0 541 0 611 0 0 0 0 0 0 0 0 930 0 0 0 583 0 0 0 0 0 0 0 0 986 408 645 0 0 197 0 987 745 65 0 0 0 822 0 893 0 0 199 0 865 0 0 94 385 0 0 0 0 0 0 230 0 732 914 0 0 0 833 0 0 173 0 0 0 206 345 0 0 31 0 0 0 0 0 97 0 0 0 0 0 0 161 0 467 27 0 0 0 0 0 0 0 0 550 887 0 891 0 0 0 0 0 448 0 0 0 0 565 0 0 0 0 0 0 0 779 0 0 0 0 0 0 685 0 0 0 285 0 0 0 0 0 0 974 77 340 0 958 0 0 689 0 992 0 0 0 0 0 0 674 890 0 0 0 298 0 0 547 622 857 24 832 0 95 0 625 0 961 0 0 0 0 0 0 0 0 360 0 0 0 0 0 522 116 592 458 0 666 85 0 0 0 0 617 0 0 0 623 0 0 472 0 0 0 0 0 0 225 937 0 0 0 0 0 626 0 716 968 375 0 0 0 0 0 0 64 0 549 0 0 0 723 0 0 0 0 878 0 0 0 0 0 924 943 109 0 362 0 805 0 0 0 558 0 26 0 0 523 562 0 530 579 111 132 682 0 0 0 155 0 0 0 0 0 710 0 0 0 0 0 386 0 0 0 855 0 955 0 0 0 0 0 293 0 759 0 0 844 0 0 941 552 0 233 0 945 113 884 0 514 276 0 0 0 0 0 163 629 0 0 487 0 0 168 505 0 0 0 0 0 0 0 0 0 0 0 0 162 341 0 0 0 0 0 0 639 0 0 946 0 0 581 809 0 0 871 205 0 596 270 0 840 0 841 0 988 0 417 177 0 0 0 0 0 0 112 0 0 353 0 392 0 0 0 0 281 0 0 0 0 0 0 0 0 659 0 0 0 0 0 952 0 0 0 271 0 934 105 0 909 936 0 0 0 480 0 0 0 0 142 0 989 0 847 0 0 0 0 0 0 0 193 0 0 0 0 0 0 0 29 613 0 875 0 717 0 0 0 0 0 66 0 0 0 853 0 0 397 327 0 0 0 0 165 0 0 0 526 422 0 89 256 0 922 0 726 728 0 0 662 0 0 788 0 0 0 0 0 819 0 649 0 524 214 0 0 0 0 0 0 404 0 926 0 0 0 720 0 331 0 807 0 170 601 0 42 0 0 0 672 0 0 459 0 0 515 461 314 399 0 0 0 0 266 0 0 939 223 0 0 0 0 0 0 774 0 0 0 0 418 0 0 0 78 0 0 0 838 0 607 0 867 0 0 0 371 0 0 9 771 0 775 573 0 901 0 665 0 608 0 670 713 0 0 0 0 0 765 0 0 651 0 0 502 0 0 532 0 0 0 0 0 0 582 0 0 0 0 357 498 0 0 0 0 0 0 0 0 0 0 0 384 391 730 786 0 0 507
