E
100
65 64 67 66 77 76 79 78 61 60 63 62 69 68 71 70 73 72 75 74 45 44 47 46 57 56 59 58 41 40 43 42 49 48 51 50 53 52 55 54 5 4 7 6 17 16 19 18 1 0 3 2 9 8 11 10 13 12 15 14 85 84 87 86 97 96 99 98 81 80 83 82 89 88 91 90 93 92 95 94 25 24 27 26 37 36 39 38 21 20 23 22 29 28 31 30 33 32 35 34
64 65 66 67 76 77 78 79 60 61 62 63 68 69 70 71 72 73 74 75 44 45 46 47 56 57 58 59 40 41 42 43 48 49 50 51 52 53 54 55 4 5 6 7 16 17 18 19 0 1 2 3 8 9 10 11 12 13 14 15 84 85 86 87 96 97 98 99 80 81 82 83 88 89 90 91 92 93 94 95 24 25 26 27 36 37 38 39 20 21 22 23 28 29 30 31 32 33 34 35
67 66 65 64 79 78 77 76 63 62 61 60 71 70 69 68 75 74 73 72 47 46 45 44 59 58 57 56 43 42 41 40 51 50 49 48 55 54 53 52 7 6 5 4 19 18 17 16 3 2 1 0 11 10 9 8 15 14 13 12 87 86 85 84 99 98 97 96 83 82 81 80 91 90 89 88 95 94 93 92 27 26 25 24 39 38 37 36 23 22 21 20 31 30 29 28 35 34 33 32
66 67 64 65 78 79 76 77 62 63 60 61 70 71 68 69 74 75 72 73 46 47 44 45 58 59 56 57 42 43 40 41 50 51 48 49 54 55 52 53 6 7 4 5 18 19 16 17 2 3 0 1 10 11 8 9 14 15 12 13 86 87 84 85 98 99 96 97 82 83 80 81 90 91 88 89 94 95 92 93 26 27 24 25 38 39 36 37 22 23 20 21 30 31 28 29 34 35 32 33
77 76 79 78 73 72 75 74 65 64 67 66 61 60 63 62 69 68 71 70 57 56 59 58 53 52 55 54 45 44 47 46 41 40 43 42 49 48 51 50 17 16 19 18 13 12 15 14 5 4 7 6 1 0 3 2 9 8 11 10 97 96 99 98 93 92 95 94 85 84 87 86 81 80 83 82 89 88 91 90 37 36 39 38 33 32 35 34 25 24 27 26 21 20 23 22 29 28 31 30
76 77 78 79 72 73 74 75 64 65 66 67 60 61 62 63 68 69 70 71 56 57 58 59 52 53 54 55 44 45 46 47 40 41 42 43 48 49 50 51 16 17 18 19 12 13 14 15 4 5 6 7 0 1 2 3 8 9 10 11 96 97 98 99 92 93 94 95 84 85 86 87 80 81 82 83 88 89 90 91 36 37 38 39 32 33 34 35 24 25 26 27 20 21 22 23 28 29 30 31
79 78 77 76 75 74 73 72 67 66 65 64 63 62 61 60 71 70 69 68 59 58 57 56 55 54 53 52 47 46 45 44 43 42 41 40 51 50 49 48 19 18 17 16 15 14 13 12 7 6 5 4 3 2 1 0 11 10 9 8 99 98 97 96 95 94 93 92 87 86 85 84 83 82 81 80 91 90 89 88 39 38 37 36 35 34 33 32 27 26 25 24 23 22 21 20 31 30 29 28
78 79 76 77 74 75 72 73 66 67 64 65 62 63 60 61 70 71 68 69 58 59 56 57 54 55 52 53 46 47 44 45 42 43 40 41 50 51 48 49 18 19 16 17 14 15 12 13 6 7 4 5 2 3 0 1 10 11 8 9 98 99 96 97 94 95 92 93 86 87 84 85 82 83 80 81 90 91 88 89 38 39 36 37 34 35 32 33 26 27 24 25 22 23 20 21 30 31 28 29
61 60 63 62 65 64 67 66 69 68 71 70 73 72 75 74 77 76 79 78 41 40 43 42 45 44 47 46 49 48 51 50 53 52 55 54 57 56 59 58 1 0 3 2 5 4 7 6 9 8 11 10 13 12 15 14 17 16 19 18 81 80 83 82 85 84 87 86 89 88 91 90 93 92 95 94 97 96 99 98 21 20 23 22 25 24 27 26 29 28 31 30 33 32 35 34 37 36 39 38
60 61 62 63 64 65 66 67 68 69 70 71 72 73 74 75 76 77 78 79 40 41 42 43 44 45 46 47 48 49 50 51 52 53 54 55 56 57 58 59 0 1 2 3 4 5 6 7 8 9 10 11 12 13 14 15 16 17 18 19 80 81 82 83 84 85 86 87 88 89 90 91 92 93 94 95 96 97 98 99 20 21 22 23 24 25 26 27 28 29 30 31 32 33 34 35 36 37 38 39
63 62 61 60 67 66 65 64 71 70 69 68 75 74 73 72 79 78 77 76 43 42 41 40 47 46 45 44 51 50 49 48 55 54 53 52 59 58 57 56 3 2 1 0 7 6 5 4 11 10 9 8 15 14 13 12 19 18 17 16 83 82 81 80 87 86 85 84 91 90 89 88 95 94 93 92 99 98 97 96 23 22 21 20 27 26 25 24 31 30 29 28 35 34 33 32 39 38 37 36
62 63 60 61 66 67 64 65 70 71 68 69 74 75 72 73 78 79 76 77 42 43 40 41 46 47 44 45 50 51 48 49 54 55 52 53 58 59 56 57 2 3 0 1 6 7 4 5 10 11 8 9 14 15 12 13 18 19 16 17 82 83 80 81 86 87 84 85 90 91 88 89 94 95 92 93 98 99 96 97 22 23 20 21 26 27 24 25 30 31 28 29 34 35 32 33 38 39 36 37
69 68 71 70 61 60 63 62 73 72 75 74 77 76 79 78 65 64 67 66 49 48 51 50 41 40 43 42 53 52 55 54 57 56 59 58 45 44 47 46 9 8 11 10 1 0 3 2 13 12 15 14 17 16 19 18 5 4 7 6 89 88 91 90 81 80 83 82 93 92 95 94 97 96 99 98 85 84 87 86 29 28 31 30 21 20 23 22 33 32 35 34 37 36 39 38 25 24 27 26
68 69 70 71 60 61 62 63 72 73 74 75 76 77 78 79 64 65 66 67 48 49 50 51 40 41 42 43 52 53 54 55 56 57 58 59 44 45 46 47 8 9 10 11 0 1 2 3 12 13 14 15 16 17 18 19 4 5 6 7 88 89 90 91 80 81 82 83 92 93 94 95 96 97 98 99 84 85 86 87 28 29 30 31 20 21 22 23 32 33 34 35 36 37 38 39 24 25 26 27
71 70 69 68 63 62 61 60 75 74 73 72 79 78 77 76 67 66 65 64 51 50 49 48 43 42 41 40 55 54 53 52 59 58 57 56 47 46 45 44 11 10 9 8 3 2 1 0 15 14 13 12 19 18 17 16 7 6 5 4 91 90 89 88 83 82 81 80 95 94 93 92 99 98 97 96 87 86 85 84 31 30 29 28 23 22 21 20 35 34 33 32 39 38 37 36 27 26 25 24
70 71 68 69 62 63 60 61 74 75 72 73 78 79 76 77 66 67 64 65 50 51 48 49 42 43 40 41 54 55 52 53 58 59 56 57 46 47 44 45 10 11 8 9 2 3 0 1 14 15 12 13 18 19 16 17 6 7 4 5 90 91 88 89 82 83 80 81 94 95 92 93 98 99 96 97 86 87 84 85 30 31 28 29 22 23 20 21 34 35 32 33 38 39 36 37 26 27 24 25
73 72 75 74 69 68 71 70 77 76 79 78 65 64 67 66 61 60 63 62 53 52 55 54 49 48 51 50 57 56 59 58 45 44 47 46 41 40 43 42 13 12 15 14 9 8 11 10 17 16 19 18 5 4 7 6 1 0 3 2 93 92 95 94 89 88 91 90 97 96 99 98 85 84 87 86 81 80 83 82 33 32 35 34 29 28 31 30 37 36 39 38 25 24 27 26 21 20 23 22
72 73 74 75 68 69 70 71 76 77 78 79 64 65 66 67 60 61 62 63 52 53 54 55 48 49 50 51 56 57 58 59 44 45 46 47 40 41 42 43 12 13 14 15 8 9 10 11 16 17 18 19 4 5 6 7 0 1 2 3 92 93 94 95 88 89 90 91 96 97 98 99 84 85 86 87 80 81 82 83 32 33 34 35 28 29 30 31 36 37 38 39 24 25 26 27 20 21 22 23
75 74 73 72 71 70 69 68 79 78 77 76 67 66 65 64 63 62 61 60 55 54 53 52 51 50 49 48 59 58 57 56 47 46 45 44 43 42 41 40 15 14 13 12 11 10 9 8 19 18 17 16 7 6 5 4 3 2 1 0 95 94 93 92 91 90 89 88 99 98 97 96 87 86 85 84 83 82 81 80 35 34 33 32 31 30 29 28 39 38 37 36 27 26 25 24 23 22 21 20
74 75 72 73 70 71 68 69 78 79 76 77 66 67 64 65 62 63 60 61 54 55 52 53 50 51 48 49 58 59 56 57 46 47 44 45 42 43 40 41 14 15 12 13 10 11 8 9 18 19 16 17 6 7 4 5 2 3 0 1 94 95 92 93 90 91 88 89 98 99 96 97 86 87 84 85 82 83 80 81 34 35 32 33 30 31 28 29 38 39 36 37 26 27 24 25 22 23 20 21
45 44 47 46 57 56 59 58 41 40 43 42 49 48 51 50 53 52 55 54 85 84 87 86 97 96 99 98 81 80 83 82 89 88 91 90 93 92 95 94 25 24 27 26 37 36 39 38 21 20 23 22 29 28 31 30 33 32 35 34 5 4 7 6 17 16 19 18 1 0 3 2 9 8 11 10 13 12 15 14 65 64 67 66 77 76 79 78 61 60 63 62 69 68 71 70 73 72 75 74
44 45 46 47 56 57 58 59 40 41 42 43 48 49 50 51 52 53 54 55 84 85 86 87 96 97 98 99 80 81 82 83 88 89 90 91 92 93 94 95 24 25 26 27 36 37 38 39 20 21 22 23 28 29 30 31 32 33 34 35 4 5 6 7 16 17 18 19 0 1 2 3 8 9 10 11 12 13 14 15 64 65 66 67 76 77 78 79 60 61 62 63 68 69 70 71 72 73 74 75
47 46 45 44 59 58 57 56 43 42 41 40 51 50 49 48 55 54 53 52 87 86 85 84 99 98 97 96 83 82 81 80 91 90 89 88 95 94 93 92 27 26 25 24 39 38 37 36 23 22 21 20 31 30 29 28 35 34 33 32 7 6 5 4 19 18 17 16 3 2 1 0 11 10 9 8 15 14 13 12 67 66 65 64 79 78 77 76 63 62 61 60 71 70 69 68 75 74 73 72
46 47 44 45 58 59 56 57 42 43 40 41 50 51 48 49 54 55 52 53 86 87 84 85 98 99 96 97 82 83 80 81 90 91 88 89 94 95 92 93 26 27 24 25 38 39 36 37 22 23 20 21 30 31 28 29 34 35 32 33 6 7 4 5 18 19 16 17 2 3 0 1 10 11 8 9 14 15 12 13 66 67 64 65 78 79 76 77 62 63 60 61 70 71 68 69 74 75 72 73
57 56 59 58 53 52 55 54 45 44 47 46 41 40 43 42 49 48 51 50 97 96 99 98 93 92 95 94 85 84 87 86 81 80 83 82 89 88 91 90 37 36 39 38 33 32 35 34 25 24 27 26 21 20 23 22 29 28 31 30 17 16 19 18 13 12 15 14 5 4 7 6 1 0 3 2 9 8 11 10 77 76 79 78 73 72 75 74 65 64 67 66 61 60 63 62 69 68 71 70
56 57 58 59 52 53 54 55 44 45 46 47 40 41 42 43 48 49 50 51 96 97 98 99 92 93 94 95 84 85 86 87 80 81 82 83 88 89 90 91 36 37 38 39 32 33 34 35 24 25 26 27 20 21 22 23 28 29 30 31 16 17 18 19 12 13 14 15 4 5 6 7 0 1 2 3 8 9 10 11 76 77 78 79 72 73 74 75 64 65 66 67 60 61 62 63 68 69 70 71
59 58 57 56 55 54 53 52 47 46 45 44 43 42 41 40 51 50 49 48 99 98 97 96 95 94 93 92 87 86 85 84 83 82 81 80 91 90 89 88 39 38 37 36 35 34 33 32 27 26 25 24 23 22 21 20 31 30 29 28 19 18 17 16 15 14 13 12 7 6 5 4 3 2 1 0 11 10 9 8 79 78 77 76 75 74 73 72 67 66 65 64 63 62 61 60 71 70 69 68
58 59 56 57 54 55 52 53 46 47 44 45 42 43 40 41 50 51 48 49 98 99 96 97 94 95 92 93 86 87 84 85 82 83 80 81 90 91 88 89 38 39 36 37 34 35 32 33 26 27 24 25 22 23 20 21 30 31 28 29 18 19 16 17 14 15 12 13 6 7 4 5 2 3 0 1 10 11 8 9 78 79 76 77 74 75 72 73 66 67 64 65 62 63 60 61 70 71 68 69
41 40 43 42 45 44 47 46 49 48 51 50 53 52 55 54 57 56 59 58 81 80 83 82 85 84 87 86 89 88 91 90 93 92 95 94 97 96 99 98 21 20 23 22 25 24 27 26 29 28 31 30 33 32 35 34 37 36 39 38 1 0 3 2 5 4 7 6 9 8 11 10 13 12 15 14 17 16 19 18 61 60 63 62 65 64 67 66 69 68 71 70 73 72 75 74 77 76 79 78
40 41 42 43 44 45 46 47 48 49 50 51 52 53 54 55 56 57 58 59 80 81 82 83 84 85 86 87 88 89 90 91 92 93 94 95 96 97 98 99 20 21 22 23 24 25 26 27 28 29 30 31 32 33 34 35 36 37 38 39 0 1 2 3 4 5 6 7 8 9 10 11 12 13 14 15 16 17 18 19 60 61 62 63 64 65 66 67 68 69 70 71 72 73 74 75 76 77 78 79
43 42 41 40 47 46 45 44 51 50 49 48 55 54 53 52 59 58 57 56 83 82 81 80 87 86 85 84 91 90 89 88 95 94 93 92 99 98 97 96 23 22 21 20 27 26 25 24 31 30 29 28 35 34 33 32 39 38 37 36 3 2 1 0 7 6 5 4 11 10 9 8 15 14 13 12 19 18 17 16 63 62 61 60 67 66 65 64 71 70 69 68 75 74 73 72 79 78 77 76
42 43 40 41 46 47 44 45 50 51 48 49 54 55 52 53 58 59 56 57 82 83 80 81 86 87 84 85 90 91 88 89 94 95 92 93 98 99 96 97 22 23 20 21 26 27 24 25 30 31 28 29 34 35 32 33 38 39 36 37 2 3 0 1 6 7 4 5 10 11 8 9 14 15 12 13 18 19 16 17 62 63 60 61 66 67 64 65 70 71 68 69 74 75 72 73 78 79 76 77
49 48 51 50 41 40 43 42 53 52 55 54 57 56 59 58 45 44 47 46 89 88 91 90 81 80 83 82 93 92 95 94 97 96 99 98 85 84 87 86 29 28 31 30 21 20 23 22 33 32 35 34 37 36 39 38 25 24 27 26 9 8 11 10 1 0 3 2 13 12 15 14 17 16 19 18 5 4 7 6 69 68 71 70 61 60 63 62 73 72 75 74 77 76 79 78 65 64 67 66
48 49 50 51 40 41 42 43 52 53 54 55 56 57 58 59 44 45 46 47 88 89 90 91 80 81 82 83 92 93 94 95 96 97 98 99 84 85 86 87 28 29 30 31 20 21 22 23 32 33 34 35 36 37 38 39 24 25 26 27 8 9 10 11 0 1 2 3 12 13 14 15 16 17 18 19 4 5 6 7 68 69 70 71 60 61 62 63 72 73 74 75 76 77 78 79 64 65 66 67
51 50 49 48 43 42 41 40 55 54 53 52 59 58 57 56 47 46 45 44 91 90 89 88 83 82 81 80 95 94 93 92 99 98 97 96 87 86 85 84 31 30 29 28 23 22 21 20 35 34 33 32 39 38 37 36 27 26 25 24 11 10 9 8 3 2 1 0 15 14 13 12 19 18 17 16 7 6 5 4 71 70 69 68 63 62 61 60 75 74 73 72 79 78 77 76 67 66 65 64
50 51 48 49 42 43 40 41 54 55 52 53 58 59 56 57 46 47 44 45 90 91 88 89 82 83 80 81 94 95 92 93 98 99 96 97 86 87 84 85 30 31 28 29 22 23 20 21 34 35 32 33 38 39 36 37 26 27 24 25 10 11 8 9 2 3 0 1 14 15 12 13 18 19 16 17 6 7 4 5 70 71 68 69 62 63 60 61 74 75 72 73 78 79 76 77 66 67 64 65
53 52 55 54 49 48 51 50 57 56 59 58 45 44 47 46 41 40 43 42 93 92 95 94 89 88 91 90 97 96 99 98 85 84 87 86 81 80 83 82 33 32 35 34 29 28 31 30 37 36 39 38 25 24 27 26 21 20 23 22 13 12 15 14 9 8 11 10 17 16 19 18 5 4 7 6 1 0 3 2 73 72 75 74 69 68 71 70 77 76 79 78 65 64 67 66 61 60 63 62
52 53 54 55 48 49 50 51 56 57 58 59 44 45 46 47 40 41 42 43 92 93 94 95 88 89 90 91 96 97 98 99 84 85 86 87 80 81 82 83 32 33 34 35 28 29 30 31 36 37 38 39 24 25 26 27 20 21 22 23 12 13 14 15 8 9 10 11 16 17 18 19 4 5 6 7 0 1 2 3 72 73 74 75 68 69 70 71 76 77 78 79 64 65 66 67 60 61 62 63
55 54 53 52 51 50 49 48 59 58 57 56 47 46 45 44 43 42 41 40 95 94 93 92 91 90 89 88 99 98 97 96 87 86 85 84 83 82 81 80 35 34 33 32 31 30 29 28 39 38 37 36 27 26 25 24 23 22 21 20 15 14 13 12 11 10 9 8 19 18 17 16 7 6 5 4 3 2 1 0 75 74 73 72 71 70 69 68 79 78 77 76 67 66 65 64 63 62 61 60
54 55 52 53 50 51 48 49 58 59 56 57 46 47 44 45 42 43 40 41 94 95 92 93 90 91 88 89 98 99 96 97 86 87 84 85 82 83 80 81 34 35 32 33 30 31 28 29 38 39 36 37 26 27 24 25 22 23 20 21 14 15 12 13 10 11 8 9 18 19 16 17 6 7 4 5 2 3 0 1 74 75 72 73 70 71 68 69 78 79 76 77 66 67 64 65 62 63 60 61
5 4 7 6 17 16 19 18 1 0 3 2 9 8 11 10 13 12 15 14 25 24 27 26 37 36 39 38 21 20 23 22 29 28 31 30 33 32 35 34 45 44 47 46 57 56 59 58 41 40 43 42 49 48 51 50 53 52 55 54 65 64 67 66 77 76 79 78 61 60 63 62 69 68 71 70 73 72 75 74 85 84 87 86 97 96 99 98 81 80 83 82 89 88 91 90 93 92 95 94
4 5 6 7 16 17 18 19 0 1 2 3 8 9 10 11 12 13 14 15 24 25 26 27 36 37 38 39 20 21 22 23 28 29 30 31 32 33 34 35 44 45 46 47 56 57 58 59 40 41 42 43 48 49 50 51 52 53 54 55 64 65 66 67 76 77 78 79 60 61 62 63 68 69 70 71 72 73 74 75 84 85 86 87 96 97 98 99 80 81 82 83 88 89 90 91 92 93 94 95
7 6 5 4 19 18 17 16 3 2 1 0 11 10 9 8 15 14 13 12 27 26 25 24 39 38 37 36 23 22 21 20 31 30 29 28 35 34 33 32 47 46 45 44 59 58 57 56 43 42 41 40 51 50 49 48 55 54 53 52 67 66 65 64 79 78 77 76 63 62 61 60 71 70 69 68 75 74 73 72 87 86 85 84 99 98 97 96 83 82 81 80 91 90 89 88 95 94 93 92
6 7 4 5 18 19 16 17 2 3 0 1 10 11 8 9 14 15 12 13 26 27 24 25 38 39 36 37 22 23 20 21 30 31 28 29 34 35 32 33 46 47 44 45 58 59 56 57 42 43 40 41 50 51 48 49 54 55 52 53 66 67 64 65 78 79 76 77 62 63 60 61 70 71 68 69 74 75 72 73 86 87 84 85 98 99 96 97 82 83 80 81 90 91 88 89 94 95 92 93
17 16 19 18 13 12 15 14 5 4 7 6 1 0 3 2 9 8 11 10 37 36 39 38 33 32 35 34 25 24 27 26 21 20 23 22 29 28 31 30 57 56 59 58 53 52 55 54 45 44 47 46 41 40 43 42 49 48 51 50 77 76 79 78 73 72 75 74 65 64 67 66 61 60 63 62 69 68 71 70 97 96 99 98 93 92 95 94 85 84 87 86 81 80 83 82 89 88 91 90
16 17 18 19 12 13 14 15 4 5 6 7 0 1 2 3 8 9 10 11 36 37 38 39 32 33 34 35 24 25 26 27 20 21 22 23 28 29 30 31 56 57 58 59 52 53 54 55 44 45 46 47 40 41 42 43 48 49 50 51 76 77 78 79 72 73 74 75 64 65 66 67 60 61 62 63 68 69 70 71 96 97 98 99 92 93 94 95 84 85 86 87 80 81 82 83 88 89 90 91
19 18 17 16 15 14 13 12 7 6 5 4 3 2 1 0 11 10 9 8 39 38 37 36 35 34 33 32 27 26 25 24 23 22 21 20 31 30 29 28 59 58 57 56 55 54 53 52 47 46 45 44 43 42 41 40 51 50 49 48 79 78 77 76 75 74 73 72 67 66 65 64 63 62 61 60 71 70 69 68 99 98 97 96 95 94 93 92 87 86 85 84 83 82 81 80 91 90 89 88
18 19 16 17 14 15 12 13 6 7 4 5 2 3 0 1 10 11 8 9 38 39 36 37 34 35 32 33 26 27 24 25 22 23 20 21 30 31 28 29 58 59 56 57 54 55 52 53 46 47 44 45 42 43 40 41 50 51 48 49 78 79 76 77 74 75 72 73 66 67 64 65 62 63 60 61 70 71 68 69 98 99 96 97 94 95 92 93 86 87 84 85 82 83 80 81 90 91 88 89
1 0 3 2 5 4 7 6 9 8 11 10 13 12 15 14 17 16 19 18 21 20 23 22 25 24 27 26 29 28 31 30 33 32 35 34 37 36 39 38 41 40 43 42 45 44 47 46 49 48 51 50 53 52 55 54 57 56 59 58 61 60 63 62 65 64 67 66 69 68 71 70 73 72 75 74 77 76 79 78 81 80 83 82 85 84 87 86 89 88 91 90 93 92 95 94 97 96 99 98
0 1 2 3 4 5 6 7 8 9 10 11 12 13 14 15 16 17 18 19 20 21 22 23 24 25 26 27 28 29 30 31 32 33 34 35 36 37 38 39 40 41 42 43 44 45 46 47 48 49 50 51 52 53 54 55 56 57 58 59 60 61 62 63 64 65 66 67 68 69 70 71 72 73 74 75 76 77 78 79 80 81 82 83 84 85 86 87 88 89 90 91 92 93 94 95 96 97 98 99
3 2 1 0 7 6 5 4 11 10 9 8 15 14 13 12 19 18 17 16 23 22 21 20 27 26 25 24 31 30 29 28 35 34 33 32 39 38 37 36 43 42 41 40 47 46 45 44 51 50 49 48 55 54 53 52 59 58 57 56 63 62 61 60 67 66 65 64 71 70 69 68 75 74 73 72 79 78 77 76 83 82 81 80 87 86 85 84 91 90 89 88 95 94 93 92 99 98 97 96
2 3 0 1 6 7 4 5 10 11 8 9 14 15 12 13 18 19 16 17 22 23 20 21 26 27 24 25 30 31 28 29 34 35 32 33 38 39 36 37 42 43 40 41 46 47 44 45 50 51 48 49 54 55 52 53 58 59 56 57 62 63 60 61 66 67 64 65 70 71 68 69 74 75 72 73 78 79 76 77 82 83 80 81 86 87 84 85 90 91 88 89 94 95 92 93 98 99 96 97
9 8 11 10 1 0 3 2 13 12 15 14 17 16 19 18 5 4 7 6 29 28 31 30 21 20 23 22 33 32 35 34 37 36 39 38 25 24 27 26 49 48 51 50 41 40 43 42 53 52 55 54 57 56 59 58 45 44 47 46 69 68 71 70 61 60 63 62 73 72 75 74 77 76 79 78 65 64 67 66 89 88 91 90 81 80 83 82 93 92 95 94 97 96 99 98 85 84 87 86
8 9 10 11 0 1 2 3 12 13 14 15 16 17 18 19 4 5 6 7 28 29 30 31 20 21 22 23 32 33 34 35 36 37 38 39 24 25 26 27 48 49 50 51 40 41 42 43 52 53 54 55 56 57 58 59 44 45 46 47 68 69 70 71 60 61 62 63 72 73 74 75 76 77 78 79 64 65 66 67 88 89 90 91 80 81 82 83 92 93 94 95 96 97 98 99 84 85 86 87
11 10 9 8 3 2 1 0 15 14 13 12 19 18 17 16 7 6 5 4 31 30 29 28 23 22 21 20 35 34 33 32 39 38 37 36 27 26 25 24 51 50 49 48 43 42 41 40 55 54 53 52 59 58 57 56 47 46 45 44 71 70 69 68 63 62 61 60 75 74 73 72 79 78 77 76 67 66 65 64 91 90 89 88 83 82 81 80 95 94 93 92 99 98 97 96 87 86 85 84
10 11 8 9 2 3 0 1 14 15 12 13 18 19 16 17 6 7 4 5 30 31 28 29 22 23 20 21 34 35 32 33 38 39 36 37 26 27 24 25 50 51 48 49 42 43 40 41 54 55 52 53 58 59 56 57 46 47 44 45 70 71 68 69 62 63 60 61 74 75 72 73 78 79 76 77 66 67 64 65 90 91 88 89 82 83 80 81 94 95 92 93 98 99 96 97 86 87 84 85
13 12 15 14 9 8 11 10 17 16 19 18 5 4 7 6 1 0 3 2 33 32 35 34 29 28 31 30 37 36 39 38 25 24 27 26 21 20 23 22 53 52 55 54 49 48 51 50 57 56 59 58 45 44 47 46 41 40 43 42 73 72 75 74 69 68 71 70 77 76 79 78 65 64 67 66 61 60 63 62 93 92 95 94 89 88 91 90 97 96 99 98 85 84 87 86 81 80 83 82
12 13 14 15 8 9 10 11 16 17 18 19 4 5 6 7 0 1 2 3 32 33 34 35 28 29 30 31 36 37 38 39 24 25 26 27 20 21 22 23 52 53 54 55 48 49 50 51 56 57 58 59 44 45 46 47 40 41 42 43 72 73 74 75 68 69 70 71 76 77 78 79 64 65 66 67 60 61 62 63 92 93 94 95 88 89 90 91 96 97 98 99 84 85 86 87 80 81 82 83
15 14 13 12 11 10 9 8 19 18 17 16 7 6 5 4 3 2 1 0 35 34 33 32 31 30 29 28 39 38 37 36 27 26 25 24 23 22 21 20 55 54 53 52 51 50 49 48 59 58 57 56 47 46 45 44 43 42 41 40 75 74 73 72 71 70 69 68 79 78 77 76 67 66 65 64 63 62 61 60 95 94 93 92 91 90 89 88 99 98 97 96 87 86 85 84 83 82 81 80
14 15 12 13 10 11 8 9 18 19 16 17 6 7 4 5 2 3 0 1 34 35 32 33 30 31 28 29 38 39 36 37 26 27 24 25 22 23 20 21 54 55 52 53 50 51 48 49 58 59 56 57 46 47 44 45 42 43 40 41 74 75 72 73 70 71 68 69 78 79 76 77 66 67 64 65 62 63 60 61 94 95 92 93 90 91 88 89 98 99 96 97 86 87 84 85 82 83 80 81
85 84 87 86 97 96 99 98 81 80 83 82 89 88 91 90 93 92 95 94 5 4 7 6 17 16 19 18 1 0 3 2 9 8 11 10 13 12 15 14 65 64 67 66 77 76 79 78 61 60 63 62 69 68 71 70 73 72 75 74 25 24 27 26 37 36 39 38 21 20 23 22 29 28 31 30 33 32 35 34 45 44 47 46 57 56 59 58 41 40 43 42 49 48 51 50 53 52 55 54
84 85 86 87 96 97 98 99 80 81 82 83 88 89 90 91 92 93 94 95 4 5 6 7 16 17 18 19 0 1 2 3 8 9 10 11 12 13 14 15 64 65 66 67 76 77 78 79 60 61 62 63 68 69 70 71 72 73 74 75 24 25 26 27 36 37 38 39 20 21 22 23 28 29 30 31 32 33 34 35 44 45 46 47 56 57 58 59 40 41 42 43 48 49 50 51 52 53 54 55
87 86 85 84 99 98 97 96 83 82 81 80 91 90 89 88 95 94 93 92 7 6 5 4 19 18 17 16 3 2 1 0 11 10 9 8 15 14 13 12 67 66 65 64 79 78 77 76 63 62 61 60 71 70 69 68 75 74 73 72 27 26 25 24 39 38 37 36 23 22 21 20 31 30 29 28 35 34 33 32 47 46 45 44 59 58 57 56 43 42 41 40 51 50 49 48 55 54 53 52
86 87 84 85 98 99 96 97 82 83 80 81 90 91 88 89 94 95 92 93 6 7 4 5 18 19 16 17 2 3 0 1 10 11 8 9 14 15 12 13 66 67 64 65 78 79 76 77 62 63 60 61 70 71 68 69 74 75 72 73 26 27 24 25 38 39 36 37 22 23 20 21 30 31 28 29 34 35 32 33 46 47 44 45 58 59 56 57 42 43 40 41 50 51 48 49 54 55 52 53
97 96 99 98 93 92 95 94 85 84 87 86 81 80 83 82 89 88 91 90 17 16 19 18 13 12 15 14 5 4 7 6 1 0 3 2 9 8 11 10 77 76 79 78 73 72 75 74 65 64 67 66 61 60 63 62 69 68 71 70 37 36 39 38 33 32 35 34 25 24 27 26 21 20 23 22 29 28 31 30 57 56 59 58 53 52 55 54 45 44 47 46 41 40 43 42 49 48 51 50
96 97 98 99 92 93 94 95 84 85 86 87 80 81 82 83 88 89 90 91 16 17 18 19 12 13 14 15 4 5 6 7 0 1 2 3 8 9 10 11 76 77 78 79 72 73 74 75 64 65 66 67 60 61 62 63 68 69 70 71 36 37 38 39 32 33 34 35 24 25 26 27 20 21 22 23 28 29 30 31 56 57 58 59 52 53 54 55 44 45 46 47 40 41 42 43 48 49 50 51
99 98 97 96 95 94 93 92 87 86 85 84 83 82 81 80 91 90 89 88 19 18 17 16 15 14 13 12 7 6 5 4 3 2 1 0 11 10 9 8 79 78 77 76 75 74 73 72 67 66 65 64 63 62 61 60 71 70 69 68 39 38 37 36 35 34 33 32 27 26 25 24 23 22 21 20 31 30 29 28 59 58 57 56 55 54 53 52 47 46 45 44 43 42 41 40 51 50 49 48
98 99 96 97 94 95 92 93 86 87 84 85 82 83 80 81 90 91 88 89 18 19 16 17 14 15 12 13 6 7 4 5 2 3 0 1 10 11 8 9 78 79 76 77 74 75 72 73 66 67 64 65 62 63 60 61 70 71 68 69 38 39 36 37 34 35 32 33 26 27 24 25 22 23 20 21 30 31 28 29 58 59 56 57 54 55 52 53 46 47 44 45 42 43 40 41 50 51 48 49
81 80 83 82 85 84 87 86 89 88 91 90 93 92 95 94 97 96 99 98 1 0 3 2 5 4 7 6 9 8 11 10 13 12 15 14 17 16 19 18 61 60 63 62 65 64 67 66 69 68 71 70 73 72 75 74 77 76 79 78 21 20 23 22 25 24 27 26 29 28 31 30 33 32 35 34 37 36 39 38 41 40 43 42 45 44 47 46 49 48 51 50 53 52 55 54 57 56 59 58
80 81 82 83 84 85 86 87 88 89 90 91 92 93 94 95 96 97 98 99 0 1 2 3 4 5 6 7 8 9 10 11 12 13 14 15 16 17 18 19 60 61 62 63 64 65 66 67 68 69 70 71 72 73 74 75 76 77 78 79 20 21 22 23 24 25 26 27 28 29 30 31 32 33 34 35 36 37 38 39 40 41 42 43 44 45 46 47 48 49 50 51 52 53 54 55 56 57 58 59
83 82 81 80 87 86 85 84 91 90 89 88 95 94 93 92 99 98 97 96 3 2 1 0 7 6 5 4 11 10 9 8 15 14 13 12 19 18 17 16 63 62 61 60 67 66 65 64 71 70 69 68 75 74 73 72 79 78 77 76 23 22 21 20 27 26 25 24 31 30 29 28 35 34 33 32 39 38 37 36 43 42 41 40 47 46 45 44 51 50 49 48 55 54 53 52 59 58 57 56
82 83 80 81 86 87 84 85 90 91 88 89 94 95 92 93 98 99 96 97 2 3 0 1 6 7 4 5 10 11 8 9 14 15 12 13 18 19 16 17 62 63 60 61 66 67 64 65 70 71 68 69 74 75 72 73 78 79 76 77 22 23 20 21 26 27 24 25 30 31 28 29 34 35 32 33 38 39 36 37 42 43 40 41 46 47 44 45 50 51 48 49 54 55 52 53 58 59 56 57
89 88 91 90 81 80 83 82 93 92 95 94 97 96 99 98 85 84 87 86 9 8 11 10 1 0 3 2 13 12 15 14 17 16 19 18 5 4 7 6 69 68 71 70 61 60 63 62 73 72 75 74 77 76 79 78 65 64 67 66 29 28 31 30 21 20 23 22 33 32 35 34 37 36 39 38 25 24 27 26 49 48 51 50 41 40 43 42 53 52 55 54 57 56 59 58 45 44 47 46
88 89 90 91 80 81 82 83 92 93 94 95 96 97 98 99 84 85 86 87 8 9 10 11 0 1 2 3 12 13 14 15 16 17 18 19 4 5 6 7 68 69 70 71 60 61 62 63 72 73 74 75 76 77 78 79 64 65 66 67 28 29 30 31 20 21 22 23 32 33 34 35 36 37 38 39 24 25 26 27 48 49 50 51 40 41 42 43 52 53 54 55 56 57 58 59 44 45 46 47
91 90 89 88 83 82 81 80 95 94 93 92 99 98 97 96 87 86 85 84 11 10 9 8 3 2 1 0 15 14 13 12 19 18 17 16 7 6 5 4 71 70 69 68 63 62 61 60 75 74 73 72 79 78 77 76 67 66 65 64 31 30 29 28 23 22 21 20 35 34 33 32 39 38 37 36 27 26 25 24 51 50 49 48 43 42 41 40 55 54 53 52 59 58 57 56 47 46 45 44
90 91 88 89 82 83 80 81 94 95 92 93 98 99 96 97 86 87 84 85 10 11 8 9 2 3 0 1 14 15 12 13 18 19 16 17 6 7 4 5 70 71 68 69 62 63 60 61 74 75 72 73 78 79 76 77 66 67 64 65 30 31 28 29 22 23 20 21 34 35 32 33 38 39 36 37 26 27 24 25 50 51 48 49 42 43 40 41 54 55 52 53 58 59 56 57 46 47 44 45
93 92 95 94 89 88 91 90 97 96 99 98 85 84 87 86 81 80 83 82 13 12 15 14 9 8 11 10 17 16 19 18 5 4 7 6 1 0 3 2 73 72 75 74 69 68 71 70 77 76 79 78 65 64 67 66 61 60 63 62 33 32 35 34 29 28 31 30 37 36 39 38 25 24 27 26 21 20 23 22 53 52 55 54 49 48 51 50 57 56 59 58 45 44 47 46 41 40 43 42
92 93 94 95 88 89 90 91 96 97 98 99 84 85 86 87 80 81 82 83 12 13 14 15 8 9 10 11 16 17 18 19 4 5 6 7 0 1 2 3 72 73 74 75 68 69 70 71 76 77 78 79 64 65 66 67 60 61 62 63 32 33 34 35 28 29 30 31 36 37 38 39 24 25 26 27 20 21 22 23 52 53 54 55 48 49 50 51 56 57 58 59 44 45 46 47 40 41 42 43
95 94 93 92 91 90 89 88 99 98 97 96 87 86 85 84 83 82 81 80 15 14 13 12 11 10 9 8 19 18 17 16 7 6 5 4 3 2 1 0 75 74 73 72 71 70 69 68 79 78 77 76 67 66 65 64 63 62 61 60 35 34 33 32 31 30 29 28 39 38 37 36 27 26 25 24 23 22 21 20 55 54 53 52 51 50 49 48 59 58 57 56 47 46 45 44 43 42 41 40
94 95 92 93 90 91 88 89 98 99 96 97 86 87 84 85 82 83 80 81 14 15 12 13 10 11 8 9 18 19 16 17 6 7 4 5 2 3 0 1 74 75 72 73 70 71 68 69 78 79 76 77 66 67 64 65 62 63 60 61 34 35 32 33 30 31 28 29 38 39 36 37 26 27 24 25 22 23 20 21 54 55 52 53 50 51 48 49 58 59 56 57 46 47 44 45 42 43 40 41
25 24 27 26 37 36 39 38 21 20 23 22 29 28 31 30 33 32 35 34 65 64 67 66 77 76 79 78 61 60 63 62 69 68 71 70 73 72 75 74 85 84 87 86 97 96 99 98 81 80 83 82 89 88 91 90 93 92 95 94 45 44 47 46 57 56 59 58 41 40 43 42 49 48 51 50 53 52 55 54 5 4 7 6 17 16 19 18 1 0 3 2 9 8 11 10 13 12 15 14
24 25 26 27 36 37 38 39 20 21 22 23 28 29 30 31 32 33 34 35 64 65 66 67 76 77 78 79 60 61 62 63 68 69 70 71 72 73 74 75 84 85 86 87 96 97 98 99 80 81 82 83 88 89 90 91 92 93 94 95 44 45 46 47 56 57 58 59 40 41 42 43 48 49 50 51 52 53 54 55 4 5 6 7 16 17 18 19 0 1 2 3 8 9 10 11 12 13 14 15
27 26 25 24 39 38 37 36 23 22 21 20 31 30 29 28 35 34 33 32 67 66 65 64 79 78 77 76 63 62 61 60 71 70 69 68 75 74 73 72 87 86 85 84 99 98 97 96 83 82 81 80 91 90 89 88 95 94 93 92 47 46 45 44 59 58 57 56 43 42 41 40 51 50 49 48 55 54 53 52 7 6 5 4 19 18 17 16 3 2 1 0 11 10 9 8 15 14 13 12
26 27 24 25 38 39 36 37 22 23 20 21 30 31 28 29 34 35 32 33 66 67 64 65 78 79 76 77 62 63 60 61 70 71 68 69 74 75 72 73 86 87 84 85 98 99 96 97 82 83 80 81 90 91 88 89 94 95 92 93 46 47 44 45 58 59 56 57 42 43 40 41 50 51 48 49 54 55 52 53 6 7 4 5 18 19 16 17 2 3 0 1 10 11 8 9 14 15 12 13
37 36 39 38 33 32 35 34 25 24 27 26 21 20 23 22 29 28 31 30 77 76 79 78 73 72 75 74 65 64 67 66 61 60 63 62 69 68 71 70 97 96 99 98 93 92 95 94 85 84 87 86 81 80 83 82 89 88 91 90 57 56 59 58 53 52 55 54 45 44 47 46 41 40 43 42 49 48 51 50 17 16 19 18 13 12 15 14 5 4 7 6 1 0 3 2 9 8 11 10
36 37 38 39 32 33 34 35 24 25 26 27 20 21 22 23 28 29 30 31 76 77 78 79 72 73 74 75 64 65 66 67 60 61 62 63 68 69 70 71 96 97 98 99 92 93 94 95 84 85 86 87 80 81 82 83 88 89 90 91 56 57 58 59 52 53 54 55 44 45 46 47 40 41 42 43 48 49 50 51 16 17 18 19 12 13 14 15 4 5 6 7 0 1 2 3 8 9 10 11
39 38 37 36 35 34 33 32 27 26 25 24 23 22 21 20 31 30 29 28 79 78 77 76 75 74 73 72 67 66 65 64 63 62 61 60 71 70 69 68 99 98 97 96 95 94 93 92 87 86 85 84 83 82 81 80 91 90 89 88 59 58 57 56 55 54 53 52 47 46 45 44 43 42 41 40 51 50 49 48 19 18 17 16 15 14 13 12 7 6 5 4 3 2 1 0 11 10 9 8
38 39 36 37 34 35 32 33 26 27 24 25 22 23 20 21 30 31 28 29 78 79 76 77 74 75 72 73 66 67 64 65 62 63 60 61 70 71 68 69 98 99 96 97 94 95 92 93 86 87 84 85 82 83 80 81 90 91 88 89 58 59 56 57 54 55 52 53 46 47 44 45 42 43 40 41 50 51 48 49 18 19 16 17 14 15 12 13 6 7 4 5 2 3 0 1 10 11 8 9
21 20 23 22 25 24 27 26 29 28 31 30 33 32 35 34 37 36 39 38 61 60 63 62 65 64 67 66 69 68 71 70 73 72 75 74 77 76 79 78 81 80 83 82 85 84 87 86 89 88 91 90 93 92 95 94 97 96 99 98 41 40 43 42 45 44 47 46 49 48 51 50 53 52 55 54 57 56 59 58 1 0 3 2 5 4 7 6 9 8 11 10 13 12 15 14 17 16 19 18
20 21 22 23 24 25 26 27 28 29 30 31 32 33 34 35 36 37 38 39 60 61 62 63 64 65 66 67 68 69 70 71 72 73 74 75 76 77 78 79 80 81 82 83 84 85 86 87 88 89 90 91 92 93 94 95 96 97 98 99 40 41 42 43 44 45 46 47 48 49 50 51 52 53 54 55 56 57 58 59 0 1 2 3 4 5 6 7 8 9 10 11 12 13 14 15 16 17 18 19
23 22 21 20 27 26 25 24 31 30 29 28 35 34 33 32 39 38 37 36 63 62 61 60 67 66 65 64 71 70 69 68 75 74 73 72 79 78 77 76 83 82 81 80 87 86 85 84 91 90 89 88 95 94 93 92 99 98 97 96 43 42 41 40 47 46 45 44 51 50 49 48 55 54 53 52 59 58 57 56 3 2 1 0 7 6 5 4 11 10 9 8 15 14 13 12 19 18 17 16
22 23 20 21 26 27 24 25 30 31 28 29 34 35 32 33 38 39 36 37 62 63 60 61 66 67 64 65 70 71 68 69 74 75 72 73 78 79 76 77 82 83 80 81 86 87 84 85 90 91 88 89 94 95 92 93 98 99 96 97 42 43 40 41 46 47 44 45 50 51 48 49 54 55 52 53 58 59 56 57 2 3 0 1 6 7 4 5 10 11 8 9 14 15 12 13 18 19 16 17
29 28 31 30 21 20 23 22 33 32 35 34 37 36 39 38 25 24 27 26 69 68 71 70 61 60 63 62 73 72 75 74 77 76 79 78 65 64 67 66 89 88 91 90 81 80 83 82 93 92 95 94 97 96 99 98 85 84 87 86 49 48 51 50 41 40 43 42 53 52 55 54 57 56 59 58 45 44 47 46 9 8 11 10 1 0 3 2 13 12 15 14 17 16 19 18 5 4 7 6
28 29 30 31 20 21 22 23 32 33 34 35 36 37 38 39 24 25 26 27 68 69 70 71 60 61 62 63 72 73 74 75 76 77 78 79 64 65 66 67 88 89 90 91 80 81 82 83 92 93 94 95 96 97 98 99 84 85 86 87 48 49 50 51 40 41 42 43 52 53 54 55 56 57 58 59 44 45 46 47 8 9 10 11 0 1 2 3 12 13 14 15 16 17 18 19 4 5 6 7
31 30 29 28 23 22 21 20 35 34 33 32 39 38 37 36 27 26 25 24 71 70 69 68 63 62 61 60 75 74 73 72 79 78 77 76 67 66 65 64 91 90 89 88 83 82 81 80 95 94 93 92 99 98 97 96 87 86 85 84 51 50 49 48 43 42 41 40 55 54 53 52 59 58 57 56 47 46 45 44 11 10 9 8 3 2 1 0 15 14 13 12 19 18 17 16 7 6 5 4
30 31 28 29 22 23 20 21 34 35 32 33 38 39 36 37 26 27 24 25 70 71 68 69 62 63 60 61 74 75 72 73 78 79 76 77 66 67 64 65 90 91 88 89 82 83 80 81 94 95 92 93 98 99 96 97 86 87 84 85 50 51 48 49 42 43 40 41 54 55 52 53 58 59 56 57 46 47 44 45 10 11 8 9 2 3 0 1 14 15 12 13 18 19 16 17 6 7 4 5
33 32 35 34 29 28 31 30 37 36 39 38 25 24 27 26 21 20 23 22 73 72 75 74 69 68 71 70 77 76 79 78 65 64 67 66 61 60 63 62 93 92 95 94 89 88 91 90 97 96 99 98 85 84 87 86 81 80 83 82 53 52 55 54 49 48 51 50 57 56 59 58 45 44 47 46 41 40 43 42 13 12 15 14 9 8 11 10 17 16 19 18 5 4 7 6 1 0 3 2
32 33 34 35 28 29 30 31 36 37 38 39 24 25 26 27 20 21 22 23 72 73 74 75 68 69 70 71 76 77 78 79 64 65 66 67 60 61 62 63 92 93 94 95 88 89 90 91 96 97 98 99 84 85 86 87 80 81 82 83 52 53 54 55 48 49 50 51 56 57 58 59 44 45 46 47 40 41 42 43 12 13 14 15 8 9 10 11 16 17 18 19 4 5 6 7 0 1 2 3
35 34 33 32 31 30 29 28 39 38 37 36 27 26 25 24 23 22 21 20 75 74 73 72 71 70 69 68 79 78 77 76 67 66 65 64 63 62 61 60 95 94 93 92 91 90 89 88 99 98 97 96 87 86 85 84 83 82 81 80 55 54 53 52 51 50 49 48 59 58 57 56 47 46 45 44 43 42 41 40 15 14 13 12 11 10 9 8 19 18 17 16 7 6 5 4 3 2 1 0
34 35 32 33 30 31 28 29 38 39 36 37 26 27 24 25 22 23 20 21 74 75 72 73 70 71 68 69 78 79 76 77 66 67 64 65 62 63 60 61 94 95 92 93 90 91 88 89 98 99 96 97 86 87 84 85 82 83 80 81 54 55 52 53 50 51 48 49 58 59 56 57 46 47 44 45 42 43 40 41 14 15 12 13 10 11 8 9 18 19 16 17 6 7 4 5 2 3 0 1
299
1 2 87
1 3 15
2 4 81
4 5 36
1 6 27
2 7 76
4 8 17
3 9 44
6 10 78
3 11 50
3 12 10
3 13 89
12 14 24
1 15 86
8 16 2
6 17 87
5 18 55
9 19 2
1 20 5
2 21 58
15 22 63
15 23 76
17 24 21
18 25 5
19 26 25
20 27 86
3 28 48
8 29 93
8 30 86
9 31 18
4 32 63
27 33 56
31 34 59
14 35 14
30 36 20
33 37 33
29 38 49
2 39 83
20 40 85
36 41 17
27 42 37
35 43 76
21 44 14
15 45 81
42 46 3
46 47 66
16 48 81
48 49 48
47 50 16
37 51 35
11 52 22
45 53 72
26 54 70
46 55 58
7 56 43
49 57 75
31 58 76
20 59 79
25 60 35
54 61 65
41 62 13
12 63 41
12 64 68
27 65 79
26 66 97
31 67 2
54 68 7
34 69 39
33 70 36
40 71 32
26 72 45
34 73 67
11 74 76
48 75 16
7 76 14
44 77 82
72 78 34
35 79 48
31 80 20
23 81 64
43 82 29
15 83 79
22 84 11
69 85 96
27 86 52
52 87 46
48 88 37
30 89 14
69 90 56
12 91 66
64 92 65
74 93 64
25 94 52
13 95 31
19 96 6
25 97 11
22 98 46
45 99 65
15 100 58
5 101 17
36 102 67
50 103 67
30 104 38
69 105 52
85 106 16
76 107 78
61 108 11
102 109 58
57 110 49
74 111 9
40 112 92
75 113 1
78 114 83
83 115 45
97 116 13
35 117 62
105 118 76
71 119 4
26 120 83
103 121 41
43 122 83
91 123 60
113 124 63
111 125 40
27 126 51
94 127 75
65 128 3
84 129 98
28 130 4
6 131 70
98 132 42
18 133 40
107 134 98
118 135 4
110 136 22
117 137 35
110 138 19
104 139 95
78 140 83
133 141 48
12 142 24
31 143 72
50 144 12
61 145 85
99 146 17
51 147 37
18 148 42
102 149 31
69 150 11
46 151 89
79 152 18
86 153 61
1 154 7
105 155 40
135 156 66
41 157 68
152 158 95
13 159 25
119 160 89
77 161 59
1 162 26
41 163 42
132 164 62
3 165 42
76 166 74
66 167 68
73 168 95
35 169 73
15 170 7
41 171 34
92 172 96
46 173 0
106 174 99
100 175 13
38 176 91
156 177 95
34 178 51
164 179 76
143 180 8
78 181 33
92 182 19
40 183 91
61 184 33
115 185 76
109 186 39
56 187 94
25 188 29
1 189 53
180 190 6
41 191 29
132 192 3
2 193 98
145 194 40
194 195 67
137 196 78
6 197 18
111 198 53
6 199 82
160 200 40
110 201 37
103 202 12
107 203 75
156 204 41
52 205 59
191 206 23
75 207 93
41 208 32
40 209 19
144 210 45
83 211 37
52 212 2
75 213 38
50 214 50
5 215 92
8 216 88
132 217 16
38 218 76
157 219 50
3 220 28
217 221 81
67 222 10
77 223 16
201 224 49
213 225 51
90 226 46
169 227 95
88 228 58
38 229 76
142 230 97
32 231 74
1 232 22
118 233 75
191 234 8
64 235 7
8 236 47
224 237 15
5 238 35
107 239 19
171 240 28
97 241 54
167 242 60
58 243 32
155 244 41
46 245 50
143 246 46
5 247 16
183 248 8
195 249 71
248 250 72
43 251 5
200 252 84
135 253 54
114 254 6
241 255 13
193 256 40
165 257 39
119 258 81
190 259 58
246 260 39
143 261 20
251 262 62
25 263 9
38 264 83
3 265 23
131 266 61
167 267 77
128 268 84
96 269 98
214 270 67
160 271 71
218 272 73
232 273 30
5 274 19
211 275 49
47 276 32
65 277 67
17 278 95
74 279 9
132 280 64
47 281 65
50 282 29
94 283 2
245 284 76
30 285 35
157 286 55
173 287 88
132 288 39
242 289 93
143 290 80
35 291 14
77 292 88
9 293 79
77 294 94
137 295 73
149 296 13
214 297 1
152 298 46
126 299 17
0 112 0 299 85 234 0 172 0 21 0 47 0 159 157 20 0 0 53 16 10 0 0 0 81 193 0 251 91 196 0 0 110 0 0 161 0 270 0 267 65 62 86 0 177 0 12 248 0 0 99 142 19 0 0 217 135 211 0 106 0 42 90 294 41 0 88 245 0 0 134 0 295 0 0 83 0 289 0 148 25 0 76 87 5 43 84 67 257 63 29 0 208 123 162 0 133 182 51 0 179 155 0 0 120 60 0 0 249 33 0 2 0 151 143 290 0 0 250 105 0 0 94 278 274 210 241 293 0 263 0 158 97 71 57 0 216 0 0 0 0 52 115 0 0 0 164 80 0 0 114 260 253 207 102 0 15 132 14 0 36 95 189 147 0 0 296 0 0 282 205 8 0 266 0 0 45 0 101 212 0 98 0 225 265 0 0 219 163 0 224 285 26 204 0 30 0 0 298 201 200 0 0 194 171 0 154 93 0 126 58 180 0 273 283 137 56 233 188 0 0 0 0 191 184 232 0 0 252 0 236 226 218 6 0 231 0 0 0 0 127 0 0 0 68 0 0 48 109 119 28 229 153 0 0 0 89 0 0 152 0 0 130 284 185 174 40 0 0 38 0 0 214 125 0 0 0 124 0 0 0 170 215 264 192 0 0 0 78 116 0 0 128 64 73 167 0 199 4
