B
64
0 1 2 3 4 5 6 7 8 9 10 11 12 13 14 15 16 17 18 19 20 21 22 23 24 25 26 27 28 29 30 31 32 33 34 35 36 37 38 39 40 41 42 43 44 45 46 47 48 49 50 51 52 53 54 55 56 57 58 59 60 61 62 63
1 0 3 2 5 4 7 6 9 8 11 10 13 12 15 14 17 16 19 18 21 20 23 22 25 24 27 26 29 28 31 30 33 32 35 34 37 36 39 38 41 40 43 42 45 44 47 46 49 48 51 50 53 52 55 54 57 56 59 58 61 60 63 62
2 3 0 1 6 7 4 5 10 11 8 9 14 15 12 13 18 19 16 17 22 23 20 21 26 27 24 25 30 31 28 29 34 35 32 33 38 39 36 37 42 43 40 41 46 47 44 45 50 51 48 49 54 55 52 53 58 59 56 57 62 63 60 61
3 2 1 0 7 6 5 4 11 10 9 8 15 14 13 12 19 18 17 16 23 22 21 20 27 26 25 24 31 30 29 28 35 34 33 32 39 38 37 36 43 42 41 40 47 46 45 44 51 50 49 48 55 54 53 52 59 58 57 56 63 62 61 60
4 5 6 7 0 1 2 3 12 13 14 15 8 9 10 11 20 21 22 23 16 17 18 19 28 29 30 31 24 25 26 27 36 37 38 39 32 33 34 35 44 45 46 47 40 41 42 43 52 53 54 55 48 49 50 51 60 61 62 63 56 57 58 59
5 4 7 6 1 0 3 2 13 12 15 14 9 8 11 10 21 20 23 22 17 16 19 18 29 28 31 30 25 24 27 26 37 36 39 38 33 32 35 34 45 44 47 46 41 40 43 42 53 52 55 54 49 48 51 50 61 60 63 62 57 56 59 58
6 7 4 5 2 3 0 1 14 15 12 13 10 11 8 9 22 23 20 21 18 19 16 17 30 31 28 29 26 27 24 25 38 39 36 37 34 35 32 33 46 47 44 45 42 43 40 41 54 55 52 53 50 51 48 49 62 63 60 61 58 59 56 57
7 6 5 4 3 2 1 0 15 14 13 12 11 10 9 8 23 22 21 20 19 18 17 16 31 30 29 28 27 26 25 24 39 38 37 36 35 34 33 32 47 46 45 44 43 42 41 40 55 54 53 52 51 50 49 48 63 62 61 60 59 58 57 56
8 9 10 11 12 13 14 15 0 1 2 3 4 5 6 7 24 25 26 27 28 29 30 31 16 17 18 19 20 21 22 23 40 41 42 43 44 45 46 47 32 33 34 35 36 37 38 39 56 57 58 59 60 61 62 63 48 49 50 51 52 53 54 55
9 8 11 10 13 12 15 14 1 0 3 2 5 4 7 6 25 24 27 26 29 28 31 30 17 16 19 18 21 20 23 22 41 40 43 42 45 44 47 46 33 32 35 34 37 36 39 38 57 56 59 58 61 60 63 62 49 48 51 50 53 52 55 54
10 11 8 9 14 15 12 13 2 3 0 1 6 7 4 5 26 27 24 25 30 31 28 29 18 19 16 17 22 23 20 21 42 43 40 41 46 47 44 45 34 35 32 33 38 39 36 37 58 59 56 57 62 63 60 61 50 51 48 49 54 55 52 53
11 10 9 8 15 14 13 12 3 2 1 0 7 6 5 4 27 26 25 24 31 30 29 28 19 18 17 16 23 22 21 20 43 42 41 40 47 46 45 44 35 34 33 32 39 38 37 36 59 58 57 56 63 62 61 60 51 50 49 48 55 54 53 52
12 13 14 15 8 9 10 11 4 5 6 7 0 1 2 3 28 29 30 31 24 25 26 27 20 21 22 23 16 17 18 19 44 45 46 47 40 41 42 43 36 37 38 39 32 33 34 35 60 61 62 63 56 57 58 59 52 53 54 55 48 49 50 51
13 12 15 14 9 8 11 10 5 4 7 6 1 0 3 2 29 28 31 30 25 24 27 26 21 20 23 22 17 16 19 18 45 44 47 46 41 40 43 42 37 36 39 38 33 32 35 34 61 60 63 62 57 56 59 58 53 52 55 54 49 48 51 50
14 15 12 13 10 11 8 9 6 7 4 5 2 3 0 1 30 31 28 29 26 27 24 25 22 23 20 21 18 19 16 17 46 47 44 45 42 43 40 41 38 39 36 37 34 35 32 33 62 63 60 61 58 59 56 57 54 55 52 53 50 51 48 49
15 14 13 12 11 10 9 8 7 6 5 4 3 2 1 0 31 30 29 28 27 26 25 24 23 22 21 20 19 18 17 16 47 46 45 44 43 42 41 40 39 38 37 36 35 34 33 32 63 62 61 60 59 58 57 56 55 54 53 52 51 50 49 48
16 17 18 19 20 21 22 23 24 25 26 27 28 29 30 31 0 1 2 3 4 5 6 7 8 9 10 11 12 13 14 15 48 49 50 51 52 53 54 55 56 57 58 59 60 61 62 63 32 33 34 35 36 37 38 39 40 41 42 43 44 45 46 47
17 16 19 18 21 20 23 22 25 24 27 26 29 28 31 30 1 0 3 2 5 4 7 6 9 8 11 10 13 12 15 14 49 48 51 50 53 52 55 54 57 56 59 58 61 60 63 62 33 32 35 34 37 36 39 38 41 40 43 42 45 44 47 46
18 19 16 17 22 23 20 21 26 27 24 25 30 31 28 29 2 3 0 1 6 7 4 5 10 11 8 9 14 15 12 13 50 51 48 49 54 55 52 53 58 59 56 57 62 63 60 61 34 35 32 33 38 39 36 37 42 43 40 41 46 47 44 45
19 18 17 16 23 22 21 20 27 26 25 24 31 30 29 28 3 2 1 0 7 6 5 4 11 10 9 8 15 14 13 12 51 50 49 48 55 54 53 52 59 58 57 56 63 62 61 60 35 34 33 32 39 38 37 36 43 42 41 40 47 46 45 44
20 21 22 23 16 17 18 19 28 29 30 31 24 25 26 27 4 5 6 7 0 1 2 3 12 13 14 15 8 9 10 11 52 53 54 55 48 49 50 51 60 61 62 63 56 57 58 59 36 37 38 39 32 33 34 35 44 45 46 47 40 41 42 43
21 20 23 22 17 16 19 18 29 28 31 30 25 24 27 26 5 4 7 6 1 0 3 2 13 12 15 14 9 8 11 10 53 52 55 54 49 48 51 50 61 60 63 62 57 56 59 58 37 36 39 38 33 32 35 34 45 44 47 46 41 40 43 42
22 23 20 21 18 19 16 17 30 31 28 29 26 27 24 25 6 7 4 5 2 3 0 1 14 15 12 13 10 11 8 9 54 55 52 53 50 51 48 49 62 63 60 61 58 59 56 57 38 39 36 37 34 35 32 33 46 47 44 45 42 43 40 41
23 22 21 20 19 18 17 16 31 30 29 28 27 26 25 24 7 6 5 4 3 2 1 0 15 14 13 12 11 10 9 8 55 54 53 52 51 50 49 48 63 62 61 60 59 58 57 56 39 38 37 36 35 34 33 32 47 46 45 44 43 42 41 40
24 25 26 27 28 29 30 31 16 17 18 19 20 21 22 23 8 9 10 11 12 13 14 15 0 1 2 3 4 5 6 7 56 57 58 59 60 61 62 63 48 49 50 51 52 53 54 55 40 41 42 43 44 45 46 47 32 33 34 35 36 37 38 39
25 24 27 26 29 28 31 30 17 16 19 18 21 20 23 22 9 8 11 10 13 12 15 14 1 0 3 2 5 4 7 6 57 56 59 58 61 60 63 62 49 48 51 50 53 52 55 54 41 40 43 42 45 44 47 46 33 32 35 34 37 36 39 38
26 27 24 25 30 31 28 29 18 19 16 17 22 23 20 21 10 11 8 9 14 15 12 13 2 3 0 1 6 7 4 5 58 59 56 57 62 63 60 61 50 51 48 49 54 55 52 53 42 43 40 41 46 47 44 45 34 35 32 33 38 39 36 37
27 26 25 24 31 30 29 28 19 18 17 16 23 22 21 20 11 10 9 8 15 14 13 12 3 2 1 0 7 6 5 4 59 58 57 56 63 62 61 60 51 50 49 48 55 54 53 52 43 42 41 40 47 46 45 44 35 34 33 32 39 38 37 36
28 29 30 31 24 25 26 27 20 21 22 23 16 17 18 19 12 13 14 15 8 9 10 11 4 5 6 7 0 1 2 3 60 61 62 63 56 57 58 59 52 53 54 55 48 49 50 51 44 45 46 47 40 41 42 43 36 37 38 39 32 33 34 35
29 28 31 30 25 24 27 26 21 20 23 22 17 16 19 18 13 12 15 14 9 8 11 10 5 4 7 6 1 0 3 2 61 60 63 62 57 56 59 58 53 52 55 54 49 48 51 50 45 44 47 46 41 40 43 42 37 36 39 38 33 32 35 34
30 31 28 29 26 27 24 25 22 23 20 21 18 19 16 17 14 15 12 13 10 11 8 9 6 7 4 5 2 3 0 1 62 63 60 61 58 59 56 57 54 55 52 53 50 51 48 49 46 47 44 45 42 43 40 41 38 39 36 37 34 35 32 33
31 30 29 28 27 26 25 24 23 22 21 20 19 18 17 16 15 14 13 12 11 10 9 8 7 6 5 4 3 2 1 0 63 62 61 60 59 58 57 56 55 54 53 52 51 50 49 48 47 46 45 44 43 42 41 40 39 38 37 36 35 34 33 32
32 33 34 35 36 37 38 39 40 41 42 43 44 45 46 47 48 49 50 51 52 53 54 55 56 57 58 59 60 61 62 63 0 1 2 3 4 5 6 7 8 9 10 11 12 13 14 15 16 17 18 19 20 21 22 23 24 25 26 27 28 29 30 31
33 32 35 34 37 36 39 38 41 40 43 42 45 44 47 46 49 48 51 50 53 52 55 54 57 56 59 58 61 60 63 62 1 0 3 2 5 4 7 6 9 8 11 10 13 12 15 14 17 16 19 18 21 20 23 22 25 24 27 26 29 28 31 30
34 35 32 33 38 39 36 37 42 43 40 41 46 47 44 45 50 51 48 49 54 55 52 53 58 59 56 57 62 63 60 61 2 3 0 1 6 7 4 5 10 11 8 9 14 15 12 13 18 19 16 17 22 23 20 21 26 27 24 25 30 31 28 29
35 34 33 32 39 38 37 36 43 42 41 40 47 46 45 44 51 50 49 48 55 54 53 52 59 58 57 56 63 62 61 60 3 2 1 0 7 6 5 4 11 10 9 8 15 14 13 12 19 18 17 16 23 22 21 20 27 26 25 24 31 30 29 28
36 37 38 39 32 33 34 35 44 45 46 47 40 41 42 43 52 53 54 55 48 49 50 51 60 61 62 63 56 57 58 59 4 5 6 7 0 1 2 3 12 13 14 15 8 9 10 11 20 21 22 23 16 17 18 19 28 29 30 31 24 25 26 27
37 36 39 38 33 32 35 34 45 44 47 46 41 40 43 42 53 52 55 54 49 48 51 50 61 60 63 62 57 56 59 58 5 4 7 6 1 0 3 2 13 12 15 14 9 8 11 10 21 20 23 22 17 16 19 18 29 28 31 30 25 24 27 26
38 39 36 37 34 35 32 33 46 47 44 45 42 43 40 41 54 55 52 53 50 51 48 49 62 63 60 61 58 59 56 57 6 7 4 5 2 3 0 1 14 15 12 13 10 11 8 9 22 23 20 21 18 19 16 17 30 31 28 29 26 27 24 25
39 38 37 36 35 34 33 32 47 46 45 44 43 42 41 40 55 54 53 52 51 50 49 48 63 62 61 60 59 58 57 56 7 6 5 4 3 2 1 0 15 14 13 12 11 10 9 8 23 22 21 20 19 18 17 16 31 30 29 28 27 26 25 24
40 41 42 43 44 45 46 47 32 33 34 35 36 37 38 39 56 57 58 59 60 61 62 63 48 49 50 51 52 53 54 55 8 9 10 11 12 13 14 15 0 1 2 3 4 5 6 7 24 25 26 27 28 29 30 31 16 17 18 19 20 21 22 23
41 40 43 42 45 44 47 46 33 32 35 34 37 36 39 38 57 56 59 58 61 60 63 62 49 48 51 50 53 52 55 54 9 8 11 10 13 12 15 14 1 0 3 2 5 4 7 6 25 24 27 26 29 28 31 30 17 16 19 18 21 20 23 22
42 43 40 41 46 47 44 45 34 35 32 33 38 39 36 37 58 59 56 57 62 63 60 61 50 51 48 49 54 55 52 53 10 11 8 9 14 15 12 13 2 3 0 1 6 7 4 5 26 27 24 25 30 31 28 29 18 19 16 17 22 23 20 21
43 42 41 40 47 46 45 44 35 34 33 32 39 38 37 36 59 58 57 56 63 62 61 60 51 50 49 48 55 54 53 52 11 10 9 8 15 14 13 12 3 2 1 0 7 6 5 4 27 26 25 24 31 30 29 28 19 18 17 16 23 22 21 20
44 45 46 47 40 41 42 43 36 37 38 39 32 33 34 35 60 61 62 63 56 57 58 59 52 53 54 55 48 49 50 51 12 13 14 15 8 9 10 11 4 5 6 7 0 1 2 3 28 29 30 31 24 25 26 27 20 21 22 23 16 17 18 19
45 44 47 46 41 40 43 42 37 36 39 38 33 32 35 34 61 60 63 62 57 56 59 58 53 52 55 54 49 48 51 50 13 12 15 14 9 8 11 10 5 4 7 6 1 0 3 2 29 28 31 30 25 24 27 26 21 20 23 22 17 16 19 18
46 47 44 45 42 43 40 41 38 39 36 37 34 35 32 33 62 63 60 61 58 59 56 57 54 55 52 53 50 51 48 49 14 15 12 13 10 11 8 9 6 7 4 5 2 3 0 1 30 31 28 29 26 27 24 25 22 23 20 21 18 19 16 17
47 46 45 44 43 42 41 40 39 38 37 36 35 34 33 32 63 62 61 60 59 58 57 56 55 54 53 52 51 50 49 48 15 14 13 12 11 10 9 8 7 6 5 4 3 2 1 0 31 30 29 28 27 26 25 24 23 22 21 20 19 18 17 16
48 49 50 51 52 53 54 55 56 57 58 59 60 61 62 63 32 33 34 35 36 37 38 39 40 41 42 43 44 45 46 47 16 17 18 19 20 21 22 23 24 25 26 27 28 29 30 31 0 1 2 3 4 5 6 7 8 9 10 11 12 13 14 15
49 48 51 50 53 52 55 54 57 56 59 58 61 60 63 62 33 32 35 34 37 36 39 38 41 40 43 42 45 44 47 46 17 16 19 18 21 20 23 22 25 24 27 26 29 28 31 30 1 0 3 2 5 4 7 6 9 8 11 10 13 12 15 14
50 51 48 49 54 55 52 53 58 59 56 57 62 63 60 61 34 35 32 33 38 39 36 37 42 43 40 41 46 47 44 45 18 19 16 17 22 23 20 21 26 27 24 25 30 31 28 29 2 3 0 1 6 7 4 5 10 11 8 9 14 15 12 13
51 50 49 48 55 54 53 52 59 58 57 56 63 62 61 60 35 34 33 32 39 38 37 36 43 42 41 40 47 46 45 44 19 18 17 16 23 22 21 20 27 26 25 24 31 30 29 28 3 2 1 0 7 6 5 4 11 10 9 8 15 14 13 12
52 53 54 55 48 49 50 51 60 61 62 63 56 57 58 59 36 37 38 39 32 33 34 35 44 45 46 47 40 41 42 43 20 21 22 23 16 17 18 19 28 29 30 31 24 25 26 27 4 5 6 7 0 1 2 3 12 13 14 15 8 9 10 11
53 52 55 54 49 48 51 50 61 60 63 62 57 56 59 58 37 36 39 38 33 32 35 34 45 44 47 46 41 40 43 42 21 20 23 22 17 16 19 18 29 28 31 30 25 24 27 26 5 4 7 6 1 0 3 2 13 12 15 14 9 8 11 10
54 55 52 53 50 51 48 49 62 63 60 61 58 59 56 57 38 39 36 37 34 35 32 33 46 47 44 45 42 43 40 41 22 23 20 21 18 19 16 17 30 31 28 29 26 27 24 25 6 7 4 5 2 3 0 1 14 15 12 13 10 11 8 9
55 54 53 52 51 50 49 48 63 62 61 60 59 58 57 56 39 38 37 36 35 34 33 32 47 46 45 44 43 42 41 40 23 22 21 20 19 18 17 16 31 30 29 28 27 26 25 24 7 6 5 4 3 2 1 0 15 14 13 12 11 10 9 8
56 57 58 59 60 61 62 63 48 49 50 51 52 53 54 55 40 41 42 43 44 45 46 47 32 33 34 35 36 37 38 39 24 25 26 27 28 29 30 31 16 17 18 19 20 21 22 23 8 9 10 11 12 13 14 15 0 1 2 3 4 5 6 7
57 56 59 58 61 60 63 62 49 48 51 50 53 52 55 54 41 40 43 42 45 44 47 46 33 32 35 34 37 36 39 38 25 24 27 26 29 28 31 30 17 16 19 18 21 20 23 22 9 8 11 10 13 12 15 14 1 0 3 2 5 4 7 6
58 59 56 57 62 63 60 61 50 51 48 49 54 55 52 53 42 43 40 41 46 47 44 45 34 35 32 33 38 39 36 37 26 27 24 25 30 31 28 29 18 19 16 17 22 23 20 21 10 11 8 9 14 15 12 13 2 3 0 1 6 7 4 5
59 58 57 56 63 62 61 60 51 50 49 48 55 54 53 52 43 42 41 40 47 46 45 44 35 34 33 32 39 38 37 36 27 26 25 24 31 30 29 28 19 18 17 16 23 22 21 20 11 10 9 8 15 14 13 12 3 2 1 0 7 6 5 4
60 61 62 63 56 57 58 59 52 53 54 55 48 49 50 51 44 45 46 47 40 41 42 43 36 37 38 39 32 33 34 35 28 29 30 31 24 25 26 27 20 21 22 23 16 17 18 19 12 13 14 15 8 9 10 11 4 5 6 7 0 1 2 3
61 60 63 62 57 56 59 58 53 52 55 54 49 48 51 50 45 44 47 46 41 40 43 42 37 36 39 38 33 32 35 34 29 28 31 30 25 24 27 26 21 20 23 22 17 16 19 18 13 12 15 14 9 8 11 10 5 4 7 6 1 0 3 2
62 63 60 61 58 59 56 57 54 55 52 53 50 51 48 49 46 47 44 45 42 43 40 41 38 39 36 37 34 35 32 33 30 31 28 29 26 27 24 25 22 23 20 21 18 19 16 17 14 15 12 13 10 11 8 9 6 7 4 5 2 3 0 1
63 62 61 60 59 58 57 56 55 54 53 52 51 50 49 48 47 46 45 44 43 42 41 40 39 38 37 36 35 34 33 32 31 30 29 28 27 26 25 24 23 22 21 20 19 18 17 16 15 14 13 12 11 10 9 8 7 6 5 4 3 2 1 0
999
885 1 14
867 1 9
859 885 62
452 885 56
129 867 15
253 867 60
934 859 13
243 859 63
45 452 2
271 452 0
84 129 57
765 129 18
638 253 5
369 253 1
861 934 20
971 934 23
503 243 7
291 243 45
510 45 0
251 45 19
41 271 33
8 271 58
785 84 51
540 84 20
191 765 49
276 765 55
164 638 44
257 638 29
358 369 57
197 369 23
223 861 53
622 861 18
790 971 57
976 971 58
665 503 26
497 503 36
846 291 9
236 291 62
884 510 41
322 510 62
193 251 57
871 251 5
104 41 42
85 41 47
633 8 45
489 8 8
215 785 33
281 785 26
942 540 51
683 540 28
146 191 2
248 191 29
702 276 39
759 276 2
480 164 52
951 164 62
29 257 9
65 257 53
219 358 10
407 358 27
745 197 29
591 197 47
290 223 62
906 223 19
610 622 4
88 622 60
82 790 48
691 790 48
864 976 26
465 976 3
636 665 30
758 665 24
978 497 16
955 497 17
384 846 35
698 846 52
587 236 10
100 236 40
212 884 53
573 884 31
173 322 60
868 322 7
221 193 26
162 193 18
176 871 1
845 871 59
124 104 43
721 104 15
279 85 60
134 85 38
757 633 12
736 633 12
292 489 51
360 489 13
802 215 43
515 215 33
202 281 41
48 281 40
91 942 56
933 942 53
574 683 59
120 683 37
747 146 36
330 146 37
926 248 61
127 248 61
192 702 28
669 702 54
744 759 22
20 759 58
272 480 8
600 480 61
244 951 25
409 951 8
701 29 0
117 29 12
370 65 38
359 65 59
95 219 14
619 219 31
658 407 1
366 407 33
770 745 42
730 745 6
858 591 50
829 591 9
626 290 50
277 290 21
12 906 29
520 906 19
408 610 41
471 610 10
734 88 35
183 88 58
201 82 51
240 82 62
706 691 57
543 691 30
402 864 13
364 864 15
778 465 7
337 465 22
356 636 18
552 636 12
430 758 3
648 758 53
437 978 44
562 978 34
394 955 15
184 955 27
206 384 23
211 384 6
399 698 17
467 698 63
767 587 29
18 587 35
837 100 19
876 100 59
313 212 13
338 212 6
116 573 26
410 573 24
954 173 61
254 173 7
186 868 11
154 868 27
423 221 3
796 221 58
815 162 59
185 162 15
233 176 47
741 176 22
625 845 21
235 845 20
982 124 11
340 124 37
135 721 50
378 721 39
35 279 21
795 279 45
594 134 52
30 134 51
325 757 61
169 757 29
545 736 36
493 736 25
352 292 27
464 292 59
583 360 13
136 360 59
282 802 51
963 802 12
473 515 24
5 515 14
273 202 43
681 202 5
390 48 42
697 48 32
549 91 12
737 91 50
789 933 59
92 933 39
720 574 56
73 574 36
682 120 57
754 120 11
217 747 43
13 747 31
432 330 29
418 330 54
118 926 53
495 926 4
987 127 12
676 127 27
159 192 55
898 192 59
302 669 49
167 669 4
542 744 29
336 744 36
355 20 24
230 20 32
353 272 27
354 272 0
634 600 15
421 600 12
569 244 43
809 244 27
149 409 57
373 409 32
838 701 6
31 701 60
524 117 51
372 117 61
629 370 33
36 370 16
160 359 42
188 359 21
334 95 42
833 95 18
139 619 61
470 619 58
561 658 4
620 658 63
309 366 16
397 366 43
674 770 63
671 770 56
793 730 48
534 730 27
436 858 27
64 858 56
178 829 46
502 829 4
96 626 63
751 626 57
577 277 54
278 277 43
441 12 53
227 12 33
563 520 47
611 520 53
723 408 41
518 408 50
444 471 24
664 471 42
371 734 34
386 734 50
414 183 34
142 183 8
651 201 1
10 201 23
86 240 9
798 240 11
311 706 56
801 706 54
512 543 55
530 543 58
259 402 12
667 402 45
599 364 26
799 364 53
170 778 14
68 778 15
228 337 5
268 337 61
791 356 22
363 356 15
350 552 5
523 552 3
985 430 1
403 430 48
743 648 5
469 648 53
478 437 46
318 437 44
439 562 37
986 562 6
848 394 52
59 394 34
490 184 22
194 184 61
729 206 38
555 206 5
151 211 58
800 211 0
953 399 10
101 399 2
114 467 58
878 467 33
50 767 22
401 767 49
106 18 39
522 18 41
582 837 44
260 837 63
854 876 21
305 876 36
981 313 24
911 313 27
991 338 53
242 338 44
699 116 8
255 116 31
43 410 51
672 410 57
753 954 11
275 954 0
777 254 16
396 254 41
929 186 13
899 143 57
143 920 0
920 347 12
347 853 18
853 692 52
692 37 7
37 709 50
709 498 50
498 970 58
970 307 16
307 448 56
448 196 21
196 454 28
454 451 14
451 936 16
936 49 47
49 442 34
442 538 23
538 605 16
605 794 61
794 89 52
89 571 62
571 508 62
508 295 0
295 642 6
642 527 48
527 314 25
314 639 58
639 700 8
700 24 17
24 645 42
645 909 39
909 529 14
529 659 24
659 153 12
153 433 62
433 284 61
284 889 41
889 999 58
999 917 40
917 487 54
487 335 50
335 506 23
506 731 1
731 60 7
60 301 8
301 940 2
940 474 13
474 468 15
468 198 3
198 950 27
950 870 61
870 42 50
42 47 23
47 832 16
832 823 34
823 514 62
514 931 53
931 287 45
287 938 49
938 995 28
995 53 33
53 641 35
641 440 56
440 382 57
382 593 22
593 56 23
56 482 32
482 61 54
61 501 23
501 484 45
484 774 37
774 565 15
565 892 23
892 787 22
787 988 18
988 357 9
357 544 12
544 820 23
820 964 0
964 851 31
851 836 16
836 40 27
40 99 16
99 712 45
712 817 57
817 655 60
655 559 39
559 262 30
262 580 57
580 222 13
222 803 42
803 768 18
768 389 56
389 481 42
481 400 58
400 694 19
694 208 48
208 513 3
513 199 50
199 17 58
17 602 10
602 564 38
564 450 31
450 739 28
739 904 56
904 647 12
647 398 0
398 78 58
78 589 19
589 713 39
713 75 63
75 831 41
831 598 54
598 166 41
166 122 46
122 516 62
516 479 27
479 505 24
505 379 5
379 886 62
886 320 53
320 427 16
427 293 27
293 788 4
788 461 13
461 324 24
324 391 36
391 535 51
535 103 33
103 588 41
588 152 43
152 553 30
553 76 58
76 109 60
109 551 16
551 66 53
66 678 13
678 216 19
216 707 3
707 426 51
426 528 21
528 70 9
70 947 1
947 280 5
280 419 47
419 958 29
958 595 15
595 816 60
816 575 54
575 62 61
62 666 54
666 241 54
241 849 32
849 312 15
312 863 62
863 613 9
613 33 25
33 71 5
71 939 46
939 546 49
546 710 31
710 380 33
380 714 2
714 684 60
220 840 30
840 6 6
6 449 46
449 862 51
862 810 13
810 921 1
921 362 19
362 547 11
547 640 9
640 87 22
87 125 0
125 654 11
654 55 48
55 491 15
491 422 43
422 760 0
760 4 1
4 766 2
766 245 48
245 174 31
174 150 51
150 827 34
827 11 10
11 781 58
781 728 19
728 806 9
806 761 16
761 935 38
935 608 34
608 568 3
568 168 49
168 828 43
828 205 47
205 967 29
967 919 51
919 190 45
190 463 49
463 19 47
19 643 41
643 925 26
925 716 39
716 486 39
486 163 51
163 689 20
689 531 52
531 690 23
690 283 59
283 72 33
72 637 53
637 341 1
341 97 45
97 319 16
319 130 38
130 274 33
274 834 55
834 869 46
869 425 52
425 670 59
670 797 1
797 693 41
693 897 36
897 131 38
131 434 47
434 856 3
856 630 36
630 443 25
443 887 21
887 27 59
27 624 48
624 703 52
703 597 59
597 306 56
306 711 41
711 429 17
429 852 18
852 890 55
890 811 49
811 477 12
477 2 53
2 915 55
915 959 10
959 25 16
25 873 36
873 548 34
548 321 48
321 779 36
779 650 61
650 51 61
51 249 52
249 989 52
989 315 59
315 79 18
79 772 26
772 541 36
541 775 52
775 592 29
592 819 54
819 586 18
586 601 14
601 680 54
680 494 3
494 156 42
156 557 2
557 657 62
657 581 4
581 822 47
822 349 21
349 839 13
839 584 31
584 696 7
696 331 19
331 327 26
327 458 55
458 824 8
824 679 12
679 755 43
755 570 9
570 187 2
187 606 19
606 722 63
722 750 10
750 877 12
877 749 53
749 14 58
14 631 63
631 21 19
21 685 56
685 239 16
239 923 28
923 417 31
417 756 21
756 932 53
932 705 33
705 218 39
218 511 55
511 204 3
204 147 51
147 930 24
930 687 52
687 673 44
673 416 55
416 57 32
57 207 11
207 377 35
377 646 53
646 556 1
556 968 31
968 733 5
733 376 42
376 105 20
105 54 52
54 298 13
298 607 46
607 158 27
158 77 40
77 412 56
412 735 8
735 808 12
808 769 51
769 22 53
22 453 15
453 517 25
517 256 34
256 237 16
237 984 3
984 977 4
977 456 16
1 899 32
1 220 44
32 346 35
32 975 39
346 814 46
346 182 49
975 632 47
975 526 23
814 748 41
814 913 59
182 962 19
182 773 20
632 668 8
632 804 11
526 807 50
526 3 21
748 813 62
748 34 25
913 404 57
913 475 10
962 455 36
962 847 48
773 558 38
773 285 29
668 653 34
668 323 7
963 475 25
946 661 45
946 872 31
946 476 33
476 826 25
661 980 7
980 937 43
826 445 39
826 39 41
445 270 38
937 554 43
39 121 4
476 918 12
476 576 45
270 80 4
39 537 2
476 266 22
946 893 35
266 296 10
121 250 35
554 113 52
980 138 47
576 912 42
476 90 3
918 504 62
893 406 20
270 144 22
554 874 45
893 343 59
872 891 46
554 161 49
138 286 59
540 161 53
81 226 46
81 677 59
81 69 50
226 137 62
137 488 19
677 317 62
677 941 29
137 385 2
137 141 42
69 258 57
137 365 41
317 740 14
137 316 7
81 784 13
141 888 1
888 943 33
69 623 4
141 234 37
941 901 43
488 855 50
316 635 58
137 726 42
385 957 35
726 210 1
137 783 62
141 329 39
783 900 55
488 483 33
226 652 30
740 231 57
783 345 36
69 332 5
855 294 29
231 108 59
652 368 47
369 652 11
16 621 43
16 618 49
621 718 5
16 395 6
618 550 41
395 675 50
395 23 23
675 411 15
618 225 28
550 708 27
675 123 49
23 662 13
708 903 47
411 616 49
550 998 27
123 609 3
903 949 46
662 727 21
727 189 50
662 905 27
731 718 1
812 288 46
812 612 7
288 420 50
288 649 38
612 361 19
612 209 57
420 145 35
420 533 50
649 351 56
649 15 15
361 752 23
361 387 9
209 961 26
209 328 25
145 392 12
145 881 28
533 26 46
533 140 7
351 383 37
351 431 36
15 656 6
15 860 10
752 38 50
752 902 28
136 533 4
300 303 42
303 993 1
303 567 4
300 203 4
993 499 40
499 928 36
203 818 19
499 997 4
203 704 21
997 821 4
303 297 60
300 525 22
993 969 51
499 177 37
300 973 37
567 965 9
704 252 11
150 973 59
725 111 36
725 910 19
111 133 14
111 894 46
910 719 60
910 771 3
133 907 48
133 200 41
894 717 22
894 850 38
719 914 3
719 763 40
771 952 3
771 507 56
907 866 16
907 238 2
200 83 50
200 229 13
717 974 60
717 742 52
850 924 45
850 247 0
914 983 24
914 732 47
763 882 26
763 172 26
952 110 9
952 688 37
507 990 46
507 596 6
866 896 26
866 908 15
238 738 52
238 762 52
83 780 30
83 308 2
229 265 63
229 927 11
974 126 11
974 604 51
742 460 44
742 603 20
987 990 20
214 948 7
948 532 29
532 179 36
179 560 7
560 157 31
157 462 49
462 585 10
585 132 38
132 94 34
94 148 8
148 128 58
128 415 9
415 786 13
786 155 54
155 213 56
213 428 52
428 590 57
590 695 6
695 956 7
956 447 53
447 566 43
566 776 49
894 585 19
339 264 1
339 660 33
339 375 31
339 466 29
339 944 16
339 883 26
339 267 29
339 180 40
339 459 54
339 843 38
339 835 32
339 28 33
339 519 4
339 895 47
339 521 58
339 63 18
339 472 31
339 614 8
339 67 27
339 381 10
339 879 31
339 93 52
339 663 10
339 438 7
339 175 43
339 261 58
339 195 35
339 115 37
339 865 19
339 686 39
339 304 19
339 841 10
339 842 47
819 472 35
181 224 18
224 992 18
992 119 54
119 628 55
628 171 33
171 844 56
844 424 33
424 857 30
857 724 5
724 715 6
715 500 1
500 916 12
916 880 4
880 578 62
578 539 31
539 107 60
107 333 29
333 289 9
289 393 19
393 945 62
945 875 12
875 405 31
405 922 39
922 572 63
572 7 62
292 107 55
509 263 45
509 496 26
496 615 18
509 344 49
509 485 31
615 830 31
344 102 18
830 782 1
102 46 54
496 112 35
263 348 49
344 246 30
782 825 13
246 617 7
46 232 5
830 165 43
102 58 54
782 805 12
782 446 6
102 413 37
617 627 29
344 966 23
437 615 8
536 342 14
536 326 29
536 74 1
536 792 54
536 435 24
536 374 32
536 367 34
536 579 16
536 310 21
536 979 59
536 457 29
536 960 38
536 996 30
536 764 9
536 388 47
536 269 22
536 98 2
536 52 7
536 492 52
536 746 3
536 972 49
536 9 48
536 644 57
536 299 22
536 994 40
536 44 27
524 367 8
0 0 182 573 748 292 16 925 373 487 790 947 330 0 502 7 0 75 251 540 0 0 609 563 0 752 0 459 358 513 269 0 290 120 400 951 530 506 576 50 643 401 514 188 163 809 699 913 350 40 0 370 396 0 162 318 0 348 484 522 986 758 521 359 600 201 381 344 345 394 465 0 773 435 18 116 264 0 0 918 0 710 238 336 568 448 845 380 518 912 138 286 438 0 900 508 0 792 625 666 820 0 356 608 0 731 444 215 402 676 0 674 874 851 0 76 236 265 0 34 144 648 886 640 0 157 495 742 0 0 0 0 0 921 559 398 0 91 226 875 0 999 170 121 500 200 0 0 263 665 988 616 664 481 0 835 126 0 898 569 0 55 45 0 509 562 355 633 602 143 0 732 760 223 663 654 852 858 213 375 383 3 379 427 803 535 0 44 0 971 0 619 761 565 973 228 536 981 325 146 66 0 865 0 861 216 0 594 550 740 816 220 179 460 108 206 0 0 960 212 491 233 174 0 274 139 700 196 719 542 783 353 222 294 817 117 0 83 0 575 978 335 716 629 846 485 908 0 928 537 19 821 0 958 832 0 0 332 709 940 842 423 149 77 118 891 769 454 31 789 689 838 0 225 938 418 589 527 362 954 963 697 885 386 390 92 753 289 288 33 967 6 520 234 751 504 519 0 317 686 582 759 0 704 468 0 799 927 620 857 347 384 426 517 0 726 299 56 0 543 0 806 526 837 199 342 0 656 483 13 0 258 420 591 242 84 916 595 567 655 0 326 406 68 69 942 311 58 466 49 361 739 232 0 167 103 800 29 64 840 351 279 936 598 745 623 0 436 681 52 433 634 9 644 180 0 0 392 183 88 67 469 181 312 488 284 727 701 796 285 430 378 539 70 949 53 972 136 551 35 42 109 794 826 612 343 770 528 421 516 479 0 0 889 0 0 879 276 626 333 409 868 262 0 0 313 184 0 0 391 823 0 371 0 74 368 461 93 482 729 639 523 0 107 0 636 0 86 736 493 791 690 0 268 558 0 979 0 28 214 437 603 510 904 71 349 505 305 382 515 831 984 802 854 901 0 0 593 411 0 154 439 329 59 246 934 10 385 828 774 221 746 450 0 127 0 766 667 873 145 848 15 919 296 467 38 0 96 165 463 944 692 30 43 470 410 314 89 297 293 63 60 442 561 818 323 278 408 723 37 859 566 844 0 186 197 250 985 393 20 965 230 320 953 564 691 721 0 804 209 399 713 778 0 787 0 843 455 135 0 524 166 24 545 194 532 339 85 160 0 0 724 4 661 240 39 642 0 994 741 0 301 647 660 0 0 613 767 277 0 334 997 478 208 338 952 0 364 970 65 0 169 462 896 0 0 883 104 23 714 909 405 587 841 0 152 638 905 192 309 0 781 366 0 99 419 830 922 244 0 0 807 168 372 0 446 0 617 441 124 929 577 41 374 0 0 583 122 0 0 917 0 720 176 340 328 0 784 743 584 574 903 175 153 150 100 498 0 0 0 730 931 0 112 0 110 0 706 0 0 369 980 937 906 0 300 0 762 271 452 546 512 0 795 0 0 282 863 47 227 388 0 0 304 0 678 734 0 259 82 0 982 552 610 899 243 850 0 229 653 547 0 529 572 914 316 387 884 440 671 106 172 0 707 0 449 738 737 352 210 580 128 659 946 365 492 894 5 0 0 295 26 287 957 0 0 862 62 302 173 193 688 0 793 0 497 588 815 267 407 0 969 73 490 0 974 995 553 0 855 622 966 231 658 0 0 555 876 270 11 451 98 764 403 694 389 0 920 307 357 853 473 185 549 825 322 632 0 46 0 0 0 847 0 768 211 235 525 0 101 252 0 431 0 805 404 976 489 941 627 471 255 888 0 156 878 324 272 0 360 614 261 557 533 87 245 813 501 955 717 114 177 801 474 780 0 310 178 531 0 205 757 698 939 203 983 0 422 0 991 935 893 499 113 140 788 0 836 417 0 892 0 607 728 283 123 993 833 414 0 266 881 872 747 0 604 0 159 715 95 475 0 662 464 618 684 926 247 611 0 950 90 48 725 0 337 651 80 503 798 134 628 0 933 8 907 308 249 641 0 672 998 924 486 871 363 683 275 864 260 829 346 962 511 961 744 12 0 395 911 36 596 544 280 849 0 754 254 0 219 945 943 281 996 541 782 291 0 772 599 190 397 195 776 0 827 0 241 457 682 198 712 866 472 538 61 0 151 0 0 870 0 887 579 777 964 592 932 142
