E
98
54 55 52 53 44 45 46 47 42 43 50 51 48 49 96 97 94 95 86 87 88 89 84 85 92 93 90 91 82 83 80 81 72 73 74 75 70 71 78 79 76 77 40 41 38 39 30 31 32 33 28 29 36 37 34 35 26 27 24 25 16 17 18 19 14 15 22 23 20 21 68 69 66 67 58 59 60 61 56 57 64 65 62 63 12 13 10 11 2 3 4 5 0 1 8 9 6 7
55 54 53 52 45 44 47 46 43 42 51 50 49 48 97 96 95 94 87 86 89 88 85 84 93 92 91 90 83 82 81 80 73 72 75 74 71 70 79 78 77 76 41 40 39 38 31 30 33 32 29 28 37 36 35 34 27 26 25 24 17 16 19 18 15 14 23 22 21 20 69 68 67 66 59 58 61 60 57 56 65 64 63 62 13 12 11 10 3 2 5 4 1 0 9 8 7 6
52 53 48 49 54 55 42 43 44 45 46 47 50 51 94 95 90 91 96 97 84 85 86 87 88 89 92 93 80 81 76 77 82 83 70 71 72 73 74 75 78 79 38 39 34 35 40 41 28 29 30 31 32 33 36 37 24 25 20 21 26 27 14 15 16 17 18 19 22 23 66 67 62 63 68 69 56 57 58 59 60 61 64 65 10 11 6 7 12 13 0 1 2 3 4 5 8 9
53 52 49 48 55 54 43 42 45 44 47 46 51 50 95 94 91 90 97 96 85 84 87 86 89 88 93 92 81 80 77 76 83 82 71 70 73 72 75 74 79 78 39 38 35 34 41 40 29 28 31 30 33 32 37 36 25 24 21 20 27 26 15 14 17 16 19 18 23 22 67 66 63 62 69 68 57 56 59 58 61 60 65 64 11 10 7 6 13 12 1 0 3 2 5 4 9 8
44 45 54 55 42 43 50 51 46 47 48 49 52 53 86 87 96 97 84 85 92 93 88 89 90 91 94 95 72 73 82 83 70 71 78 79 74 75 76 77 80 81 30 31 40 41 28 29 36 37 32 33 34 35 38 39 16 17 26 27 14 15 22 23 18 19 20 21 24 25 58 59 68 69 56 57 64 65 60 61 62 63 66 67 2 3 12 13 0 1 8 9 4 5 6 7 10 11
45 44 55 54 43 42 51 50 47 46 49 48 53 52 87 86 97 96 85 84 93 92 89 88 91 90 95 94 73 72 83 82 71 70 79 78 75 74 77 76 81 80 31 30 41 40 29 28 37 36 33 32 35 34 39 38 17 16 27 26 15 14 23 22 19 18 21 20 25 24 59 58 69 68 57 56 65 64 61 60 63 62 67 66 3 2 13 12 1 0 9 8 5 4 7 6 11 10
46 47 42 43 50 51 52 53 48 49 54 55 44 45 88 89 84 85 92 93 94 95 90 91 96 97 86 87 74 75 70 71 78 79 80 81 76 77 82 83 72 73 32 33 28 29 36 37 38 39 34 35 40 41 30 31 18 19 14 15 22 23 24 25 20 21 26 27 16 17 60 61 56 57 64 65 66 67 62 63 68 69 58 59 4 5 0 1 8 9 10 11 6 7 12 13 2 3
47 46 43 42 51 50 53 52 49 48 55 54 45 44 89 88 85 84 93 92 95 94 91 90 97 96 87 86 75 74 71 70 79 78 81 80 77 76 83 82 73 72 33 32 29 28 37 36 39 38 35 34 41 40 31 30 19 18 15 14 23 22 25 24 21 20 27 26 17 16 61 60 57 56 65 64 67 66 63 62 69 68 59 58 5 4 1 0 9 8 11 10 7 6 13 12 3 2
42 43 44 45 46 47 48 49 50 51 52 53 54 55 84 85 86 87 88 89 90 91 92 93 94 95 96 97 70 71 72 73 74 75 76 77 78 79 80 81 82 83 28 29 30 31 32 33 34 35 36 37 38 39 40 41 14 15 16 17 18 19 20 21 22 23 24 25 26 27 56 57 58 59 60 61 62 63 64 65 66 67 68 69 0 1 2 3 4 5 6 7 8 9 10 11 12 13
43 42 45 44 47 46 49 48 51 50 53 52 55 54 85 84 87 86 89 88 91 90 93 92 95 94 97 96 71 70 73 72 75 74 77 76 79 78 81 80 83 82 29 28 31 30 33 32 35 34 37 36 39 38 41 40 15 14 17 16 19 18 21 20 23 22 25 24 27 26 57 56 59 58 61 60 63 62 65 64 67 66 69 68 1 0 3 2 5 4 7 6 9 8 11 10 13 12
50 51 46 47 48 49 54 55 52 53 44 45 42 43 92 93 88 89 90 91 96 97 94 95 86 87 84 85 78 79 74 75 76 77 82 83 80 81 72 73 70 71 36 37 32 33 34 35 40 41 38 39 30 31 28 29 22 23 18 19 20 21 26 27 24 25 16 17 14 15 64 65 60 61 62 63 68 69 66 67 58 59 56 57 8 9 4 5 6 7 12 13 10 11 2 3 0 1
51 50 47 46 49 48 55 54 53 52 45 44 43 42 93 92 89 88 91 90 97 96 95 94 87 86 85 84 79 78 75 74 77 76 83 82 81 80 73 72 71 70 37 36 33 32 35 34 41 40 39 38 31 30 29 28 23 22 19 18 21 20 27 26 25 24 17 16 15 14 65 64 61 60 63 62 69 68 67 66 59 58 57 56 9 8 5 4 7 6 13 12 11 10 3 2 1 0
48 49 50 51 52 53 44 45 54 55 42 43 46 47 90 91 92 93 94 95 86 87 96 97 84 85 88 89 76 77 78 79 80 81 72 73 82 83 70 71 74 75 34 35 36 37 38 39 30 31 40 41 28 29 32 33 20 21 22 23 24 25 16 17 26 27 14 15 18 19 62 63 64 65 66 67 58 59 68 69 56 57 60 61 6 7 8 9 10 11 2 3 12 13 0 1 4 5
49 48 51 50 53 52 45 44 55 54 43 42 47 46 91 90 93 92 95 94 87 86 97 96 85 84 89 88 77 76 79 78 81 80 73 72 83 82 71 70 75 74 35 34 37 36 39 38 31 30 41 40 29 28 33 32 21 20 23 22 25 24 17 16 27 26 15 14 19 18 63 62 65 64 67 66 59 58 69 68 57 56 61 60 7 6 9 8 11 10 3 2 13 12 1 0 5 4
96 97 94 95 86 87 88 89 84 85 92 93 90 91 68 69 66 67 58 59 60 61 56 57 64 65 62 63 54 55 52 53 44 45 46 47 42 43 50 51 48 49 12 13 10 11 2 3 4 5 0 1 8 9 6 7 82 83 80 81 72 73 74 75 70 71 78 79 76 77 40 41 38 39 30 31 32 33 28 29 36 37 34 35 26 27 24 25 16 17 18 19 14 15 22 23 20 21
97 96 95 94 87 86 89 88 85 84 93 92 91 90 69 68 67 66 59 58 61 60 57 56 65 64 63 62 55 54 53 52 45 44 47 46 43 42 51 50 49 48 13 12 11 10 3 2 5 4 1 0 9 8 7 6 83 82 81 80 73 72 75 74 71 70 79 78 77 76 41 40 39 38 31 30 33 32 29 28 37 36 35 34 27 26 25 24 17 16 19 18 15 14 23 22 21 20
94 95 90 91 96 97 84 85 86 87 88 89 92 93 66 67 62 63 68 69 56 57 58 59 60 61 64 65 52 53 48 49 54 55 42 43 44 45 46 47 50 51 10 11 6 7 12 13 0 1 2 3 4 5 8 9 80 81 76 77 82 83 70 71 72 73 74 75 78 79 38 39 34 35 40 41 28 29 30 31 32 33 36 37 24 25 20 21 26 27 14 15 16 17 18 19 22 23
95 94 91 90 97 96 85 84 87 86 89 88 93 92 67 66 63 62 69 68 57 56 59 58 61 60 65 64 53 52 49 48 55 54 43 42 45 44 47 46 51 50 11 10 7 6 13 12 1 0 3 2 5 4 9 8 81 80 77 76 83 82 71 70 73 72 75 74 79 78 39 38 35 34 41 40 29 28 31 30 33 32 37 36 25 24 21 20 27 26 15 14 17 16 19 18 23 22
86 87 96 97 84 85 92 93 88 89 90 91 94 95 58 59 68 69 56 57 64 65 60 61 62 63 66 67 44 45 54 55 42 43 50 51 46 47 48 49 52 53 2 3 12 13 0 1 8 9 4 5 6 7 10 11 72 73 82 83 70 71 78 79 74 75 76 77 80 81 30 31 40 41 28 29 36 37 32 33 34 35 38 39 16 17 26 27 14 15 22 23 18 19 20 21 24 25
87 86 97 96 85 84 93 92 89 88 91 90 95 94 59 58 69 68 57 56 65 64 61 60 63 62 67 66 45 44 55 54 43 42 51 50 47 46 49 48 53 52 3 2 13 12 1 0 9 8 5 4 7 6 11 10 73 72 83 82 71 70 79 78 75 74 77 76 81 80 31 30 41 40 29 28 37 36 33 32 35 34 39 38 17 16 27 26 15 14 23 22 19 18 21 20 25 24
88 89 84 85 92 93 94 95 90 91 96 97 86 87 60 61 56 57 64 65 66 67 62 63 68 69 58 59 46 47 42 43 50 51 52 53 48 49 54 55 44 45 4 5 0 1 8 9 10 11 6 7 12 13 2 3 74 75 70 71 78 79 80 81 76 77 82 83 72 73 32 33 28 29 36 37 38 39 34 35 40 41 30 31 18 19 14 15 22 23 24 25 20 21 26 27 16 17
89 88 85 84 93 92 95 94 91 90 97 96 87 86 61 60 57 56 65 64 67 66 63 62 69 68 59 58 47 46 43 42 51 50 53 52 49 48 55 54 45 44 5 4 1 0 9 8 11 10 7 6 13 12 3 2 75 74 71 70 79 78 81 80 77 76 83 82 73 72 33 32 29 28 37 36 39 38 35 34 41 40 31 30 19 18 15 14 23 22 25 24 21 20 27 26 17 16
84 85 86 87 88 89 90 91 92 93 94 95 96 97 56 57 58 59 60 61 62 63 64 65 66 67 68 69 42 43 44 45 46 47 48 49 50 51 52 53 54 55 0 1 2 3 4 5 6 7 8 9 10 11 12 13 70 71 72 73 74 75 76 77 78 79 80 81 82 83 28 29 30 31 32 33 34 35 36 37 38 39 40 41 14 15 16 17 18 19 20 21 22 23 24 25 26 27
85 84 87 86 89 88 91 90 93 92 95 94 97 96 57 56 59 58 61 60 63 62 65 64 67 66 69 68 43 42 45 44 47 46 49 48 51 50 53 52 55 54 1 0 3 2 5 4 7 6 9 8 11 10 13 12 71 70 73 72 75 74 77 76 79 78 81 80 83 82 29 28 31 30 33 32 35 34 37 36 39 38 41 40 15 14 17 16 19 18 21 20 23 22 25 24 27 26
92 93 88 89 90 91 96 97 94 95 86 87 84 85 64 65 60 61 62 63 68 69 66 67 58 59 56 57 50 51 46 47 48 49 54 55 52 53 44 45 42 43 8 9 4 5 6 7 12 13 10 11 2 3 0 1 78 79 74 75 76 77 82 83 80 81 72 73 70 71 36 37 32 33 34 35 40 41 38 39 30 31 28 29 22 23 18 19 20 21 26 27 24 25 16 17 14 15
93 92 89 88 91 90 97 96 95 94 87 86 85 84 65 64 61 60 63 62 69 68 67 66 59 58 57 56 51 50 47 46 49 48 55 54 53 52 45 44 43 42 9 8 5 4 7 6 13 12 11 10 3 2 1 0 79 78 75 74 77 76 83 82 81 80 73 72 71 70 37 36 33 32 35 34 41 40 39 38 31 30 29 28 23 22 19 18 21 20 27 26 25 24 17 16 15 14
90 91 92 93 94 95 86 87 96 97 84 85 88 89 62 63 64 65 66 67 58 59 68 69 56 57 60 61 48 49 50 51 52 53 44 45 54 55 42 43 46 47 6 7 8 9 10 11 2 3 12 13 0 1 4 5 76 77 78 79 80 81 72 73 82 83 70 71 74 75 34 35 36 37 38 39 30 31 40 41 28 29 32 33 20 21 22 23 24 25 16 17 26 27 14 15 18 19
91 90 93 92 95 94 87 86 97 96 85 84 89 88 63 62 65 64 67 66 59 58 69 68 57 56 61 60 49 48 51 50 53 52 45 44 55 54 43 42 47 46 7 6 9 8 11 10 3 2 13 12 1 0 5 4 77 76 79 78 81 80 73 72 83 82 71 70 75 74 35 34 37 36 39 38 31 30 41 40 29 28 33 32 21 20 23 22 25 24 17 16 27 26 15 14 19 18
82 83 80 81 72 73 74 75 70 71 78 79 76 77 54 55 52 53 44 45 46 47 42 43 50 51 48 49 26 27 24 25 16 17 18 19 14 15 22 23 20 21 68 69 66 67 58 59 60 61 56 57 64 65 62 63 12 13 10 11 2 3 4 5 0 1 8 9 6 7 96 97 94 95 86 87 88 89 84 85 92 93 90 91 40 41 38 39 30 31 32 33 28 29 36 37 34 35
83 82 81 80 73 72 75 74 71 70 79 78 77 76 55 54 53 52 45 44 47 46 43 42 51 50 49 48 27 26 25 24 17 16 19 18 15 14 23 22 21 20 69 68 67 66 59 58 61 60 57 56 65 64 63 62 13 12 11 10 3 2 5 4 1 0 9 8 7 6 97 96 95 94 87 86 89 88 85 84 93 92 91 90 41 40 39 38 31 30 33 32 29 28 37 36 35 34
80 81 76 77 82 83 70 71 72 73 74 75 78 79 52 53 48 49 54 55 42 43 44 45 46 47 50 51 24 25 20 21 26 27 14 15 16 17 18 19 22 23 66 67 62 63 68 69 56 57 58 59 60 61 64 65 10 11 6 7 12 13 0 1 2 3 4 5 8 9 94 95 90 91 96 97 84 85 86 87 88 89 92 93 38 39 34 35 40 41 28 29 30 31 32 33 36 37
81 80 77 76 83 82 71 70 73 72 75 74 79 78 53 52 49 48 55 54 43 42 45 44 47 46 51 50 25 24 21 20 27 26 15 14 17 16 19 18 23 22 67 66 63 62 69 68 57 56 59 58 61 60 65 64 11 10 7 6 13 12 1 0 3 2 5 4 9 8 95 94 91 90 97 96 85 84 87 86 89 88 93 92 39 38 35 34 41 40 29 28 31 30 33 32 37 36
72 73 82 83 70 71 78 79 74 75 76 77 80 81 44 45 54 55 42 43 50 51 46 47 48 49 52 53 16 17 26 27 14 15 22 23 18 19 20 21 24 25 58 59 68 69 56 57 64 65 60 61 62 63 66 67 2 3 12 13 0 1 8 9 4 5 6 7 10 11 86 87 96 97 84 85 92 93 88 89 90 91 94 95 30 31 40 41 28 29 36 37 32 33 34 35 38 39
73 72 83 82 71 70 79 78 75 74 77 76 81 80 45 44 55 54 43 42 51 50 47 46 49 48 53 52 17 16 27 26 15 14 23 22 19 18 21 20 25 24 59 58 69 68 57 56 65 64 61 60 63 62 67 66 3 2 13 12 1 0 9 8 5 4 7 6 11 10 87 86 97 96 85 84 93 92 89 88 91 90 95 94 31 30 41 40 29 28 37 36 33 32 35 34 39 38
74 75 70 71 78 79 80 81 76 77 82 83 72 73 46 47 42 43 50 51 52 53 48 49 54 55 44 45 18 19 14 15 22 23 24 25 20 21 26 27 16 17 60 61 56 57 64 65 66 67 62 63 68 69 58 59 4 5 0 1 8 9 10 11 6 7 12 13 2 3 88 89 84 85 92 93 94 95 90 91 96 97 86 87 32 33 28 29 36 37 38 39 34 35 40 41 30 31
75 74 71 70 79 78 81 80 77 76 83 82 73 72 47 46 43 42 51 50 53 52 49 48 55 54 45 44 19 18 15 14 23 22 25 24 21 20 27 26 17 16 61 60 57 56 65 64 67 66 63 62 69 68 59 58 5 4 1 0 9 8 11 10 7 6 13 12 3 2 89 88 85 84 93 92 95 94 91 90 97 96 87 86 33 32 29 28 37 36 39 38 35 34 41 40 31 30
70 71 72 73 74 75 76 77 78 79 80 81 82 83 42 43 44 45 46 47 48 49 50 51 52 53 54 55 14 15 16 17 18 19 20 21 22 23 24 25 26 27 56 57 58 59 60 61 62 63 64 65 66 67 68 69 0 1 2 3 4 5 6 7 8 9 10 11 12 13 84 85 86 87 88 89 90 91 92 93 94 95 96 97 28 29 30 31 32 33 34 35 36 37 38 39 40 41
71 70 73 72 75 74 77 76 79 78 81 80 83 82 43 42 45 44 47 46 49 48 51 50 53 52 55 54 15 14 17 16 19 18 21 20 23 22 25 24 27 26 57 56 59 58 61 60 63 62 65 64 67 66 69 68 1 0 3 2 5 4 7 6 9 8 11 10 13 12 85 84 87 86 89 88 91 90 93 92 95 94 97 96 29 28 31 30 33 32 35 34 37 36 39 38 41 40
78 79 74 75 76 77 82 83 80 81 72 73 70 71 50 51 46 47 48 49 54 55 52 53 44 45 42 43 22 23 18 19 20 21 26 27 24 25 16 17 14 15 64 65 60 61 62 63 68 69 66 67 58 59 56 57 8 9 4 5 6 7 12 13 10 11 2 3 0 1 92 93 88 89 90 91 96 97 94 95 86 87 84 85 36 37 32 33 34 35 40 41 38 39 30 31 28 29
79 78 75 74 77 76 83 82 81 80 73 72 71 70 51 50 47 46 49 48 55 54 53 52 45 44 43 42 23 22 19 18 21 20 27 26 25 24 17 16 15 14 65 64 61 60 63 62 69 68 67 66 59 58 57 56 9 8 5 4 7 6 13 12 11 10 3 2 1 0 93 92 89 88 91 90 97 96 95 94 87 86 85 84 37 36 33 32 35 34 41 40 39 38 31 30 29 28
76 77 78 79 80 81 72 73 82 83 70 71 74 75 48 49 50 51 52 53 44 45 54 55 42 43 46 47 20 21 22 23 24 25 16 17 26 27 14 15 18 19 62 63 64 65 66 67 58 59 68 69 56 57 60 61 6 7 8 9 10 11 2 3 12 13 0 1 4 5 90 91 92 93 94 95 86 87 96 97 84 85 88 89 34 35 36 37 38 39 30 31 40 41 28 29 32 33
77 76 79 78 81 80 73 72 83 82 71 70 75 74 49 48 51 50 53 52 45 44 55 54 43 42 47 46 21 20 23 22 25 24 17 16 27 26 15 14 19 18 63 62 65 64 67 66 59 58 69 68 57 56 61 60 7 6 9 8 11 10 3 2 13 12 1 0 5 4 91 90 93 92 95 94 87 86 97 96 85 84 89 88 35 34 37 36 39 38 31 30 41 40 29 28 33 32
40 41 38 39 30 31 32 33 28 29 36 37 34 35 12 13 10 11 2 3 4 5 0 1 8 9 6 7 68 69 66 67 58 59 60 61 56 57 64 65 62 63 82 83 80 81 72 73 74 75 70 71 78 79 76 77 96 97 94 95 86 87 88 89 84 85 92 93 90 91 26 27 24 25 16 17 18 19 14 15 22 23 20 21 54 55 52 53 44 45 46 47 42 43 50 51 48 49
41 40 39 38 31 30 33 32 29 28 37 36 35 34 13 12 11 10 3 2 5 4 1 0 9 8 7 6 69 68 67 66 59 58 61 60 57 56 65 64 63 62 83 82 81 80 73 72 75 74 71 70 79 78 77 76 97 96 95 94 87 86 89 88 85 84 93 92 91 90 27 26 25 24 17 16 19 18 15 14 23 22 21 20 55 54 53 52 45 44 47 46 43 42 51 50 49 48
38 39 34 35 40 41 28 29 30 31 32 33 36 37 10 11 6 7 12 13 0 1 2 3 4 5 8 9 66 67 62 63 68 69 56 57 58 59 60 61 64 65 80 81 76 77 82 83 70 71 72 73 74 75 78 79 94 95 90 91 96 97 84 85 86 87 88 89 92 93 24 25 20 21 26 27 14 15 16 17 18 19 22 23 52 53 48 49 54 55 42 43 44 45 46 47 50 51
39 38 35 34 41 40 29 28 31 30 33 32 37 36 11 10 7 6 13 12 1 0 3 2 5 4 9 8 67 66 63 62 69 68 57 56 59 58 61 60 65 64 81 80 77 76 83 82 71 70 73 72 75 74 79 78 95 94 91 90 97 96 85 84 87 86 89 88 93 92 25 24 21 20 27 26 15 14 17 16 19 18 23 22 53 52 49 48 55 54 43 42 45 44 47 46 51 50
30 31 40 41 28 29 36 37 32 33 34 35 38 39 2 3 12 13 0 1 8 9 4 5 6 7 10 11 58 59 68 69 56 57 64 65 60 61 62 63 66 67 72 73 82 83 70 71 78 79 74 75 76 77 80 81 86 87 96 97 84 85 92 93 88 89 90 91 94 95 16 17 26 27 14 15 22 23 18 19 20 21 24 25 44 45 54 55 42 43 50 51 46 47 48 49 52 53
31 30 41 40 29 28 37 36 33 32 35 34 39 38 3 2 13 12 1 0 9 8 5 4 7 6 11 10 59 58 69 68 57 56 65 64 61 60 63 62 67 66 73 72 83 82 71 70 79 78 75 74 77 76 81 80 87 86 97 96 85 84 93 92 89 88 91 90 95 94 17 16 27 26 15 14 23 22 19 18 21 20 25 24 45 44 55 54 43 42 51 50 47 46 49 48 53 52
32 33 28 29 36 37 38 39 34 35 40 41 30 31 4 5 0 1 8 9 10 11 6 7 12 13 2 3 60 61 56 57 64 65 66 67 62 63 68 69 58 59 74 75 70 71 78 79 80 81 76 77 82 83 72 73 88 89 84 85 92 93 94 95 90 91 96 97 86 87 18 19 14 15 22 23 24 25 20 21 26 27 16 17 46 47 42 43 50 51 52 53 48 49 54 55 44 45
33 32 29 28 37 36 39 38 35 34 41 40 31 30 5 4 1 0 9 8 11 10 7 6 13 12 3 2 61 60 57 56 65 64 67 66 63 62 69 68 59 58 75 74 71 70 79 78 81 80 77 76 83 82 73 72 89 88 85 84 93 92 95 94 91 90 97 96 87 86 19 18 15 14 23 22 25 24 21 20 27 26 17 16 47 46 43 42 51 50 53 52 49 48 55 54 45 44
28 29 30 31 32 33 34 35 36 37 38 39 40 41 0 1 2 3 4 5 6 7 8 9 10 11 12 13 56 57 58 59 60 61 62 63 64 65 66 67 68 69 70 71 72 73 74 75 76 77 78 79 80 81 82 83 84 85 86 87 88 89 90 91 92 93 94 95 96 97 14 15 16 17 18 19 20 21 22 23 24 25 26 27 42 43 44 45 46 47 48 49 50 51 52 53 54 55
29 28 31 30 33 32 35 34 37 36 39 38 41 40 1 0 3 2 5 4 7 6 9 8 11 10 13 12 57 56 59 58 61 60 63 62 65 64 67 66 69 68 71 70 73 72 75 74 77 76 79 78 81 80 83 82 85 84 87 86 89 88 91 90 93 92 95 94 97 96 15 14 17 16 19 18 21 20 23 22 25 24 27 26 43 42 45 44 47 46 49 48 51 50 53 52 55 54
36 37 32 33 34 35 40 41 38 39 30 31 28 29 8 9 4 5 6 7 12 13 10 11 2 3 0 1 64 65 60 61 62 63 68 69 66 67 58 59 56 57 78 79 74 75 76 77 82 83 80 81 72 73 70 71 92 93 88 89 90 91 96 97 94 95 86 87 84 85 22 23 18 19 20 21 26 27 24 25 16 17 14 15 50 51 46 47 48 49 54 55 52 53 44 45 42 43
37 36 33 32 35 34 41 40 39 38 31 30 29 28 9 8 5 4 7 6 13 12 11 10 3 2 1 0 65 64 61 60 63 62 69 68 67 66 59 58 57 56 79 78 75 74 77 76 83 82 81 80 73 72 71 70 93 92 89 88 91 90 97 96 95 94 87 86 85 84 23 22 19 18 21 20 27 26 25 24 17 16 15 14 51 50 47 46 49 48 55 54 53 52 45 44 43 42
34 35 36 37 38 39 30 31 40 41 28 29 32 33 6 7 8 9 10 11 2 3 12 13 0 1 4 5 62 63 64 65 66 67 58 59 68 69 56 57 60 61 76 77 78 79 80 81 72 73 82 83 70 71 74 75 90 91 92 93 94 95 86 87 96 97 84 85 88 89 20 21 22 23 24 25 16 17 26 27 14 15 18 19 48 49 50 51 52 53 44 45 54 55 42 43 46 47
35 34 37 36 39 38 31 30 41 40 29 28 33 32 7 6 9 8 11 10 3 2 13 12 1 0 5 4 63 62 65 64 67 66 59 58 69 68 57 56 61 60 77 76 79 78 81 80 73 72 83 82 71 70 75 74 91 90 93 92 95 94 87 86 97 96 85 84 89 88 21 20 23 22 25 24 17 16 27 26 15 14 19 18 49 48 51 50 53 52 45 44 55 54 43 42 47 46
26 27 24 25 16 17 18 19 14 15 22 23 20 21 82 83 80 81 72 73 74 75 70 71 78 79 76 77 12 13 10 11 2 3 4 5 0 1 8 9 6 7 96 97 94 95 86 87 88 89 84 85 92 93 90 91 40 41 38 39 30 31 32 33 28 29 36 37 34 35 54 55 52 53 44 45 46 47 42 43 50 51 48 49 68 69 66 67 58 59 60 61 56 57 64 65 62 63
27 26 25 24 17 16 19 18 15 14 23 22 21 20 83 82 81 80 73 72 75 74 71 70 79 78 77 76 13 12 11 10 3 2 5 4 1 0 9 8 7 6 97 96 95 94 87 86 89 88 85 84 93 92 91 90 41 40 39 38 31 30 33 32 29 28 37 36 35 34 55 54 53 52 45 44 47 46 43 42 51 50 49 48 69 68 67 66 59 58 61 60 57 56 65 64 63 62
24 25 20 21 26 27 14 15 16 17 18 19 22 23 80 81 76 77 82 83 70 71 72 73 74 75 78 79 10 11 6 7 12 13 0 1 2 3 4 5 8 9 94 95 90 91 96 97 84 85 86 87 88 89 92 93 38 39 34 35 40 41 28 29 30 31 32 33 36 37 52 53 48 49 54 55 42 43 44 45 46 47 50 51 66 67 62 63 68 69 56 57 58 59 60 61 64 65
25 24 21 20 27 26 15 14 17 16 19 18 23 22 81 80 77 76 83 82 71 70 73 72 75 74 79 78 11 10 7 6 13 12 1 0 3 2 5 4 9 8 95 94 91 90 97 96 85 84 87 86 89 88 93 92 39 38 35 34 41 40 29 28 31 30 33 32 37 36 53 52 49 48 55 54 43 42 45 44 47 46 51 50 67 66 63 62 69 68 57 56 59 58 61 60 65 64
16 17 26 27 14 15 22 23 18 19 20 21 24 25 72 73 82 83 70 71 78 79 74 75 76 77 80 81 2 3 12 13 0 1 8 9 4 5 6 7 10 11 86 87 96 97 84 85 92 93 88 89 90 91 94 95 30 31 40 41 28 29 36 37 32 33 34 35 38 39 44 45 54 55 42 43 50 51 46 47 48 49 52 53 58 59 68 69 56 57 64 65 60 61 62 63 66 67
17 16 27 26 15 14 23 22 19 18 21 20 25 24 73 72 83 82 71 70 79 78 75 74 77 76 81 80 3 2 13 12 1 0 9 8 5 4 7 6 11 10 87 86 97 96 85 84 93 92 89 88 91 90 95 94 31 30 41 40 29 28 37 36 33 32 35 34 39 38 45 44 55 54 43 42 51 50 47 46 49 48 53 52 59 58 69 68 57 56 65 64 61 60 63 62 67 66
18 19 14 15 22 23 24 25 20 21 26 27 16 17 74 75 70 71 78 79 80 81 76 77 82 83 72 73 4 5 0 1 8 9 10 11 6 7 12 13 2 3 88 89 84 85 92 93 94 95 90 91 96 97 86 87 32 33 28 29 36 37 38 39 34 35 40 41 30 31 46 47 42 43 50 51 52 53 48 49 54 55 44 45 60 61 56 57 64 65 66 67 62 63 68 69 58 59
19 18 15 14 23 22 25 24 21 20 27 26 17 16 75 74 71 70 79 78 81 80 77 76 83 82 73 72 5 4 1 0 9 8 11 10 7 6 13 12 3 2 89 88 85 84 93 92 95 94 91 90 97 96 87 86 33 32 29 28 37 36 39 38 35 34 41 40 31 30 47 46 43 42 51 50 53 52 49 48 55 54 45 44 61 60 57 56 65 64 67 66 63 62 69 68 59 58
14 15 16 17 18 19 20 21 22 23 24 25 26 27 70 71 72 73 74 75 76 77 78 79 80 81 82 83 0 1 2 3 4 5 6 7 8 9 10 11 12 13 84 85 86 87 88 89 90 91 92 93 94 95 96 97 28 29 30 31 32 33 34 35 36 37 38 39 40 41 42 43 44 45 46 47 48 49 50 51 52 53 54 55 56 57 58 59 60 61 62 63 64 65 66 67 68 69
15 14 17 16 19 18 21 20 23 22 25 24 27 26 71 70 73 72 75 74 77 76 79 78 81 80 83 82 1 0 3 2 5 4 7 6 9 8 11 10 13 12 85 84 87 86 89 88 91 90 93 92 95 94 97 96 29 28 31 30 33 32 35 34 37 36 39 38 41 40 43 42 45 44 47 46 49 48 51 50 53 52 55 54 57 56 59 58 61 60 63 62 65 64 67 66 69 68
22 23 18 19 20 21 26 27 24 25 16 17 14 15 78 79 74 75 76 77 82 83 80 81 72 73 70 71 8 9 4 5 6 7 12 13 10 11 2 3 0 1 92 93 88 89 90 91 96 97 94 95 86 87 84 85 36 37 32 33 34 35 40 41 38 39 30 31 28 29 50 51 46 47 48 49 54 55 52 53 44 45 42 43 64 65 60 61 62 63 68 69 66 67 58 59 56 57
23 22 19 18 21 20 27 26 25 24 17 16 15 14 79 78 75 74 77 76 83 82 81 80 73 72 71 70 9 8 5 4 7 6 13 12 11 10 3 2 1 0 93 92 89 88 91 90 97 96 95 94 87 86 85 84 37 36 33 32 35 34 41 40 39 38 31 30 29 28 51 50 47 46 49 48 55 54 53 52 45 44 43 42 65 64 61 60 63 62 69 68 67 66 59 58 57 56
20 21 22 23 24 25 16 17 26 27 14 15 18 19 76 77 78 79 80 81 72 73 82 83 70 71 74 75 6 7 8 9 10 11 2 3 12 13 0 1 4 5 90 91 92 93 94 95 86 87 96 97 84 85 88 89 34 35 36 37 38 39 30 31 40 41 28 29 32 33 48 49 50 51 52 53 44 45 54 55 42 43 46 47 62 63 64 65 66 67 58 59 68 69 56 57 60 61
21 20 23 22 25 24 17 16 27 26 15 14 19 18 77 76 79 78 81 80 73 72 83 82 71 70 75 74 7 6 9 8 11 10 3 2 13 12 1 0 5 4 91 90 93 92 95 94 87 86 97 96 85 84 89 88 35 34 37 36 39 38 31 30 41 40 29 28 33 32 49 48 51 50 53 52 45 44 55 54 43 42 47 46 63 62 65 64 67 66 59 58 69 68 57 56 61 60
68 69 66 67 58 59 60 61 56 57 64 65 62 63 40 41 38 39 30 31 32 33 28 29 36 37 34 35 96 97 94 95 86 87 88 89 84 85 92 93 90 91 26 27 24 25 16 17 18 19 14 15 22 23 20 21 54 55 52 53 44 45 46 47 42 43 50 51 48 49 12 13 10 11 2 3 4 5 0 1 8 9 6 7 82 83 80 81 72 73 74 75 70 71 78 79 76 77
69 68 67 66 59 58 61 60 57 56 65 64 63 62 41 40 39 38 31 30 33 32 29 28 37 36 35 34 97 96 95 94 87 86 89 88 85 84 93 92 91 90 27 26 25 24 17 16 19 18 15 14 23 22 21 20 55 54 53 52 45 44 47 46 43 42 51 50 49 48 13 12 11 10 3 2 5 4 1 0 9 8 7 6 83 82 81 80 73 72 75 74 71 70 79 78 77 76
66 67 62 63 68 69 56 57 58 59 60 61 64 65 38 39 34 35 40 41 28 29 30 31 32 33 36 37 94 95 90 91 96 97 84 85 86 87 88 89 92 93 24 25 20 21 26 27 14 15 16 17 18 19 22 23 52 53 48 49 54 55 42 43 44 45 46 47 50 51 10 11 6 7 12 13 0 1 2 3 4 5 8 9 80 81 76 77 82 83 70 71 72 73 74 75 78 79
67 66 63 62 69 68 57 56 59 58 61 60 65 64 39 38 35 34 41 40 29 28 31 30 33 32 37 36 95 94 91 90 97 96 85 84 87 86 89 88 93 92 25 24 21 20 27 26 15 14 17 16 19 18 23 22 53 52 49 48 55 54 43 42 45 44 47 46 51 50 11 10 7 6 13 12 1 0 3 2 5 4 9 8 81 80 77 76 83 82 71 70 73 72 75 74 79 78
58 59 68 69 56 57 64 65 60 61 62 63 66 67 30 31 40 41 28 29 36 37 32 33 34 35 38 39 86 87 96 97 84 85 92 93 88 89 90 91 94 95 16 17 26 27 14 15 22 23 18 19 20 21 24 25 44 45 54 55 42 43 50 51 46 47 48 49 52 53 2 3 12 13 0 1 8 9 4 5 6 7 10 11 72 73 82 83 70 71 78 79 74 75 76 77 80 81
59 58 69 68 57 56 65 64 61 60 63 62 67 66 31 30 41 40 29 28 37 36 33 32 35 34 39 38 87 86 97 96 85 84 93 92 89 88 91 90 95 94 17 16 27 26 15 14 23 22 19 18 21 20 25 24 45 44 55 54 43 42 51 50 47 46 49 48 53 52 3 2 13 12 1 0 9 8 5 4 7 6 11 10 73 72 83 82 71 70 79 78 75 74 77 76 81 80
60 61 56 57 64 65 66 67 62 63 68 69 58 59 32 33 28 29 36 37 38 39 34 35 40 41 30 31 88 89 84 85 92 93 94 95 90 91 96 97 86 87 18 19 14 15 22 23 24 25 20 21 26 27 16 17 46 47 42 43 50 51 52 53 48 49 54 55 44 45 4 5 0 1 8 9 10 11 6 7 12 13 2 3 74 75 70 71 78 79 80 81 76 77 82 83 72 73
61 60 57 56 65 64 67 66 63 62 69 68 59 58 33 32 29 28 37 36 39 38 35 34 41 40 31 30 89 88 85 84 93 92 95 94 91 90 97 96 87 86 19 18 15 14 23 22 25 24 21 20 27 26 17 16 47 46 43 42 51 50 53 52 49 48 55 54 45 44 5 4 1 0 9 8 11 10 7 6 13 12 3 2 75 74 71 70 79 78 81 80 77 76 83 82 73 72
56 57 58 59 60 61 62 63 64 65 66 67 68 69 28 29 30 31 32 33 34 35 36 37 38 39 40 41 84 85 86 87 88 89 90 91 92 93 94 95 96 97 14 15 16 17 18 19 20 21 22 23 24 25 26 27 42 43 44 45 46 47 48 49 50 51 52 53 54 55 0 1 2 3 4 5 6 7 8 9 10 11 12 13 70 71 72 73 74 75 76 77 78 79 80 81 82 83
57 56 59 58 61 60 63 62 65 64 67 66 69 68 29 28 31 30 33 32 35 34 37 36 39 38 41 40 85 84 87 86 89 88 91 90 93 92 95 94 97 96 15 14 17 16 19 18 21 20 23 22 25 24 27 26 43 42 45 44 47 46 49 48 51 50 53 52 55 54 1 0 3 2 5 4 7 6 9 8 11 10 13 12 71 70 73 72 75 74 77 76 79 78 81 80 83 82
64 65 60 61 62 63 68 69 66 67 58 59 56 57 36 37 32 33 34 35 40 41 38 39 30 31 28 29 92 93 88 89 90 91 96 97 94 95 86 87 84 85 22 23 18 19 20 21 26 27 24 25 16 17 14 15 50 51 46 47 48 49 54 55 52 53 44 45 42 43 8 9 4 5 6 7 12 13 10 11 2 3 0 1 78 79 74 75 76 77 82 83 80 81 72 73 70 71
65 64 61 60 63 62 69 68 67 66 59 58 57 56 37 36 33 32 35 34 41 40 39 38 31 30 29 28 93 92 89 88 91 90 97 96 95 94 87 86 85 84 23 22 19 18 21 20 27 26 25 24 17 16 15 14 51 50 47 46 49 48 55 54 53 52 45 44 43 42 9 8 5 4 7 6 13 12 11 10 3 2 1 0 79 78 75 74 77 76 83 82 81 80 73 72 71 70
62 63 64 65 66 67 58 59 68 69 56 57 60 61 34 35 36 37 38 39 30 31 40 41 28 29 32 33 90 91 92 93 94 95 86 87 96 97 84 85 88 89 20 21 22 23 24 25 16 17 26 27 14 15 18 19 48 49 50 51 52 53 44 45 54 55 42 43 46 47 6 7 8 9 10 11 2 3 12 13 0 1 4 5 76 77 78 79 80 81 72 73 82 83 70 71 74 75
63 62 65 64 67 66 59 58 69 68 57 56 61 60 35 34 37 36 39 38 31 30 41 40 29 28 33 32 91 90 93 92 95 94 87 86 97 96 85 84 89 88 21 20 23 22 25 24 17 16 27 26 15 14 19 18 49 48 51 50 53 52 45 44 55 54 43 42 47 46 7 6 9 8 11 10 3 2 13 12 1 0 5 4 77 76 79 78 81 80 73 72 83 82 71 70 75 74
12 13 10 11 2 3 4 5 0 1 8 9 6 7 26 27 24 25 16 17 18 19 14 15 22 23 20 21 40 41 38 39 30 31 32 33 28 29 36 37 34 35 54 55 52 53 44 45 46 47 42 43 50 51 48 49 68 69 66 67 58 59 60 61 56 57 64 65 62 63 82 83 80 81 72 73 74 75 70 71 78 79 76 77 96 97 94 95 86 87 88 89 84 85 92 93 90 91
13 12 11 10 3 2 5 4 1 0 9 8 7 6 27 26 25 24 17 16 19 18 15 14 23 22 21 20 41 40 39 38 31 30 33 32 29 28 37 36 35 34 55 54 53 52 45 44 47 46 43 42 51 50 49 48 69 68 67 66 59 58 61 60 57 56 65 64 63 62 83 82 81 80 73 72 75 74 71 70 79 78 77 76 97 96 95 94 87 86 89 88 85 84 93 92 91 90
10 11 6 7 12 13 0 1 2 3 4 5 8 9 24 25 20 21 26 27 14 15 16 17 18 19 22 23 38 39 34 35 40 41 28 29 30 31 32 33 36 37 52 53 48 49 54 55 42 43 44 45 46 47 50 51 66 67 62 63 68 69 56 57 58 59 60 61 64 65 80 81 76 77 82 83 70 71 72 73 74 75 78 79 94 95 90 91 96 97 84 85 86 87 88 89 92 93
11 10 7 6 13 12 1 0 3 2 5 4 9 8 25 24 21 20 27 26 15 14 17 16 19 18 23 22 39 38 35 34 41 40 29 28 31 30 33 32 37 36 53 52 49 48 55 54 43 42 45 44 47 46 51 50 67 66 63 62 69 68 57 56 59 58 61 60 65 64 81 80 77 76 83 82 71 70 73 72 75 74 79 78 95 94 91 90 97 96 85 84 87 86 89 88 93 92
2 3 12 13 0 1 8 9 4 5 6 7 10 11 16 17 26 27 14 15 22 23 18 19 20 21 24 25 30 31 40 41 28 29 36 37 32 33 34 35 38 39 44 45 54 55 42 43 50 51 46 47 48 49 52 53 58 59 68 69 56 57 64 65 60 61 62 63 66 67 72 73 82 83 70 71 78 79 74 75 76 77 80 81 86 87 96 97 84 85 92 93 88 89 90 91 94 95
3 2 13 12 1 0 9 8 5 4 7 6 11 10 17 16 27 26 15 14 23 22 19 18 21 20 25 24 31 30 41 40 29 28 37 36 33 32 35 34 39 38 45 44 55 54 43 42 51 50 47 46 49 48 53 52 59 58 69 68 57 56 65 64 61 60 63 62 67 66 73 72 83 82 71 70 79 78 75 74 77 76 81 80 87 86 97 96 85 84 93 92 89 88 91 90 95 94
4 5 0 1 8 9 10 11 6 7 12 13 2 3 18 19 14 15 22 23 24 25 20 21 26 27 16 17 32 33 28 29 36 37 38 39 34 35 40 41 30 31 46 47 42 43 50 51 52 53 48 49 54 55 44 45 60 61 56 57 64 65 66 67 62 63 68 69 58 59 74 75 70 71 78 79 80 81 76 77 82 83 72 73 88 89 84 85 92 93 94 95 90 91 96 97 86 87
5 4 1 0 9 8 11 10 7 6 13 12 3 2 19 18 15 14 23 22 25 24 21 20 27 26 17 16 33 32 29 28 37 36 39 38 35 34 41 40 31 30 47 46 43 42 51 50 53 52 49 48 55 54 45 44 61 60 57 56 65 64 67 66 63 62 69 68 59 58 75 74 71 70 79 78 81 80 77 76 83 82 73 72 89 88 85 84 93 92 95 94 91 90 97 96 87 86
0 1 2 3 4 5 6 7 8 9 10 11 12 13 14 15 16 17 18 19 20 21 22 23 24 25 26 27 28 29 30 31 32 33 34 35 36 37 38 39 40 41 42 43 44 45 46 47 48 49 50 51 52 53 54 55 56 57 58 59 60 61 62 63 64 65 66 67 68 69 70 71 72 73 74 75 76 77 78 79 80 81 82 83 84 85 86 87 88 89 90 91 92 93 94 95 96 97
1 0 3 2 5 4 7 6 9 8 11 10 13 12 15 14 17 16 19 18 21 20 23 22 25 24 27 26 29 28 31 30 33 32 35 34 37 36 39 38 41 40 43 42 45 44 47 46 49 48 51 50 53 52 55 54 57 56 59 58 61 60 63 62 65 64 67 66 69 68 71 70 73 72 75 74 77 76 79 78 81 80 83 82 85 84 87 86 89 88 91 90 93 92 95 94 97 96
8 9 4 5 6 7 12 13 10 11 2 3 0 1 22 23 18 19 20 21 26 27 24 25 16 17 14 15 36 37 32 33 34 35 40 41 38 39 30 31 28 29 50 51 46 47 48 49 54 55 52 53 44 45 42 43 64 65 60 61 62 63 68 69 66 67 58 59 56 57 78 79 74 75 76 77 82 83 80 81 72 73 70 71 92 93 88 89 90 91 96 97 94 95 86 87 84 85
9 8 5 4 7 6 13 12 11 10 3 2 1 0 23 22 19 18 21 20 27 26 25 24 17 16 15 14 37 36 33 32 35 34 41 40 39 38 31 30 29 28 51 50 47 46 49 48 55 54 53 52 45 44 43 42 65 64 61 60 63 62 69 68 67 66 59 58 57 56 79 78 75 74 77 76 83 82 81 80 73 72 71 70 93 92 89 88 91 90 97 96 95 94 87 86 85 84
6 7 8 9 10 11 2 3 12 13 0 1 4 5 20 21 22 23 24 25 16 17 26 27 14 15 18 19 34 35 36 37 38 39 30 31 40 41 28 29 32 33 48 49 50 51 52 53 44 45 54 55 42 43 46 47 62 63 64 65 66 67 58 59 68 69 56 57 60 61 76 77 78 79 80 81 72 73 82 83 70 71 74 75 90 91 92 93 94 95 86 87 96 97 84 85 88 89
7 6 9 8 11 10 3 2 13 12 1 0 5 4 21 20 23 22 25 24 17 16 27 26 15 14 19 18 35 34 37 36 39 38 31 30 41 40 29 28 33 32 49 48 51 50 53 52 45 44 55 54 43 42 47 46 63 62 65 64 67 66 59 58 69 68 57 56 61 60 77 76 79 78 81 80 73 72 83 82 71 70 75 74 91 90 93 92 95 94 87 86 97 96 85 84 89 88
3996
732 1 69
2971 1 24
1576 732 4
260 732 70
762 2971 1
1089 2971 9
3604 1576 7
2968 1576 1
1301 260 48
3723 260 18
3602 762 30
3365 762 38
1058 1089 21
3523 1089 7
3205 3604 51
3737 3604 55
3944 2968 39
3207 2968 22
2167 1301 74
3845 1301 61
1280 3723 8
774 3723 89
2592 3602 79
3964 3602 65
2244 3365 16
1373 3365 82
996 1058 43
1434 1058 87
1731 3523 95
2236 3523 8
1626 3205 90
1304 3205 96
1884 3737 0
3078 3737 43
390 3944 51
1224 3944 46
3828 3207 53
1824 3207 52
3140 2167 5
1664 2167 25
2553 3845 19
904 3845 40
3155 1280 56
3642 1280 16
1631 774 74
3956 774 71
1294 2592 51
727 2592 68
2831 3964 3
1504 3964 20
2024 2244 92
1392 2244 45
2185 1373 74
2705 1373 85
567 996 61
2406 996 89
3563 1434 22
435 1434 60
2323 1731 70
998 1731 50
1847 2236 56
2417 2236 13
2344 1626 78
2422 1626 59
613 1304 88
2452 1304 56
2465 1884 56
2502 1884 79
3979 3078 53
303 3078 52
2555 390 27
649 390 61
1458 1224 31
1800 1224 53
1057 3828 79
1989 3828 57
3213 1824 90
1873 1824 63
2638 3140 46
1335 3140 57
2084 1664 10
1688 1664 3
1231 2553 68
142 2553 26
1856 904 13
3154 904 93
3146 3155 51
1456 3155 43
2697 3642 56
3910 3642 90
1415 1631 81
1193 1631 40
1615 3956 40
510 3956 53
3505 1294 58
954 1294 47
1238 727 34
1804 727 94
2269 2831 81
2801 2831 78
284 1504 42
1026 1504 30
3566 2024 6
3245 2024 51
1216 1392 7
1962 1392 62
1714 2185 62
615 2185 97
2615 2705 51
2140 2705 50
2979 567 47
2989 567 19
3942 2406 32
3230 2406 60
677 3563 38
739 3563 58
1372 435 73
1569 435 41
359 2323 19
865 2323 94
2503 998 79
1649 998 33
3719 1847 26
1076 1847 73
1565 2417 60
2606 2417 30
1174 2344 66
480 2344 59
977 2422 21
3281 2422 43
592 613 49
2661 613 93
928 2452 45
1821 2452 65
370 2465 22
3322 2465 38
2814 2502 34
25 2502 10
492 3979 41
1547 3979 48
3665 303 16
137 303 84
256 2555 60
3945 2555 28
195 649 60
129 649 15
3135 1458 19
429 1458 26
2656 1800 92
1167 1800 86
59 1057 5
1165 1057 96
2514 1989 71
314 1989 50
573 3213 14
766 3213 6
275 1873 34
2700 1873 2
1957 2638 8
636 2638 3
2880 1335 88
1049 1335 28
1767 2084 66
16 2084 32
2207 1688 64
2419 1688 66
1510 1231 37
1808 1231 21
1247 142 28
2072 142 49
3699 1856 86
2113 1856 5
199 3154 87
911 3154 80
3895 3146 12
386 3146 84
2806 1456 47
1088 1456 30
659 2697 4
1846 2697 4
3231 3910 14
100 3910 50
1199 1415 48
3938 1415 52
2309 1193 3
3290 1193 66
1037 1615 7
2617 1615 16
3126 510 75
647 510 37
54 3505 34
3866 3505 24
590 954 70
2304 954 66
2335 1238 0
1433 1238 3
2544 1804 57
2398 1804 92
3625 2269 67
297 2269 82
1693 2801 65
821 2801 76
1521 284 60
1310 284 42
3686 1026 37
2409 1026 0
384 3566 51
729 3566 50
395 3245 26
1960 3245 24
3820 1216 26
1929 1216 36
2223 1962 31
3894 1962 1
3124 1714 65
1572 1714 40
3644 615 14
761 615 68
249 2615 64
1863 2615 9
539 2140 88
3027 2140 71
768 2979 47
1489 2979 5
2431 2989 79
3608 2989 72
1930 3942 24
2155 3942 86
779 3230 95
1380 3230 18
833 677 58
1870 677 23
639 739 68
2176 739 6
290 1372 51
849 1372 34
1035 1569 69
2884 1569 19
1995 359 49
1227 359 3
3805 865 70
1682 865 27
932 2503 59
3181 2503 0
1981 1649 43
1202 1649 45
185 3719 78
571 3719 22
1395 1076 33
1632 1076 41
343 1565 60
3298 1565 56
2682 2606 17
87 2606 53
332 1174 72
1275 1174 78
2329 480 89
3610 480 23
1476 977 29
2731 977 9
333 3281 89
2871 3281 76
3345 592 53
671 592 8
546 2661 26
1592 2661 8
3631 928 95
2243 928 65
2438 1821 37
1435 1821 38
3969 370 31
2255 370 8
2676 3322 11
3068 3322 12
2707 2814 65
2486 2814 42
47 25 89
133 25 34
1094 492 15
1998 492 36
2893 1547 20
2980 1547 87
1351 3665 44
3619 3665 77
3421 137 20
2055 137 7
1236 256 61
2129 256 57
1425 3945 97
2664 3945 42
771 195 23
1811 195 10
2585 129 3
74 129 77
170 3135 89
964 3135 71
3118 429 13
1604 429 77
3208 2656 13
3884 2656 40
1338 1167 52
3900 1167 16
331 59 67
1123 59 90
2781 1165 83
3659 1165 24
1791 2514 37
1939 2514 13
163 314 32
396 314 91
2226 573 53
3255 573 15
1991 766 65
1075 766 1
2060 275 88
982 275 76
3432 2700 66
1887 2700 42
2485 1957 34
167 1957 5
1838 636 8
1147 636 76
3935 2880 16
777 2880 75
2307 1049 90
3921 1049 34
3974 1767 40
632 1767 23
1845 16 46
1121 16 18
2002 2207 35
3908 2207 71
3127 2419 35
540 2419 88
1078 1510 5
1194 1510 37
3387 1808 85
69 1808 66
205 1247 8
21 1247 53
3038 2072 59
2531 2072 15
293 3699 26
1260 3699 51
1739 2113 86
3291 2113 41
1272 199 44
3222 199 53
755 911 24
3335 911 32
1918 3895 58
2982 3895 85
2184 386 80
2725 386 7
3206 2806 30
1401 2806 41
1492 1088 75
1128 1088 54
3852 659 8
1131 659 19
1282 1846 80
411 1846 56
306 3231 27
2741 3231 16
2906 100 0
1871 100 11
235 1199 40
248 1199 25
1986 3938 78
1300 3938 59
1738 2309 13
530 2309 17
3017 3290 46
2822 3290 60
1550 1037 30
878 1037 54
3953 2617 39
1762 2617 5
3413 3126 84
2626 3126 14
1119 647 3
3070 647 71
3474 54 65
764 54 29
401 3866 90
2362 3866 30
440 590 25
1985 590 32
2358 2304 92
3794 2304 42
2914 2335 64
3367 2335 51
717 1433 19
2053 1433 24
3565 2544 64
3104 2544 46
2715 2398 6
848 2398 48
70 3625 25
1480 3625 43
1217 297 18
3679 297 32
2001 1693 30
3899 1693 8
1463 821 83
294 821 43
1482 1521 74
889 1521 57
494 1310 34
2614 1310 66
1036 3686 20
1345 3686 91
713 2409 61
3100 2409 94
3929 384 23
934 384 92
3511 729 19
1709 729 14
699 395 8
802 395 71
2973 1960 48
2299 1960 26
648 3820 30
2096 3820 14
3928 1929 94
2672 1929 26
2057 2223 34
1445 2223 47
2066 3894 92
828 3894 91
2843 3124 10
2440 3124 25
230 1572 18
2283 1572 10
3392 3644 71
1234 3644 20
82 761 3
3581 761 56
1255 249 44
3840 249 90
1552 1863 92
3120 1863 9
1065 539 16
588 539 79
3438 3027 75
908 3027 68
2325 768 45
2779 768 20
2597 1489 71
2690 1489 44
1841 2431 16
188 2431 17
1735 3608 64
2783 3608 53
3210 1930 30
696 1930 8
2807 2155 33
2077 2155 9
804 779 27
1548 779 72
153 1380 54
1164 1380 15
1023 833 17
1479 833 22
1243 1870 13
2524 1870 0
2213 639 22
2775 639 23
809 2176 95
1385 2176 91
2249 290 79
3728 290 73
2943 849 60
595 849 48
1712 1035 84
1208 1035 80
14 2884 88
551 2884 13
838 1995 11
2970 1995 3
1894 1227 15
3946 1227 61
754 3805 31
3433 3805 89
892 1682 70
1536 1682 61
3750 932 45
423 932 91
1012 3181 65
3627 3181 89
1178 1981 22
1449 1981 49
3729 1202 51
1941 1202 89
3991 185 10
2046 185 33
3524 571 29
1734 571 60
136 1395 13
2966 1395 77
2508 1632 65
1001 1632 46
2908 343 53
3261 343 50
3916 3298 49
2114 3298 17
439 2682 91
3677 2682 57
512 87 66
770 87 47
1054 332 28
2332 332 33
3451 1275 56
2014 1275 0
3175 2329 3
1157 2329 86
2147 3610 36
3079 3610 25
2239 1476 83
1785 1476 55
2471 2731 89
747 2731 96
2132 333 18
2418 333 91
3376 2871 4
880 2871 64
920 3345 37
719 3345 21
583 671 93
1732 671 1
1182 546 60
1609 546 46
3390 1592 90
98 1592 37
407 3631 64
1239 3631 81
3274 2243 43
1950 2243 27
3053 2438 50
43 2438 77
2044 1435 82
2506 1435 5
2360 3969 32
3485 3969 90
1046 2255 96
245 2255 38
2910 2676 68
1983 2676 90
2765 3068 59
1650 3068 85
1980 2707 90
2189 2707 16
3855 2486 45
3287 2486 7
1807 47 9
1138 47 96
3111 133 17
1016 133 61
267 1094 3
1668 1094 69
60 1998 46
1505 1998 23
1038 2893 39
2205 2893 89
302 2980 5
1896 2980 7
669 1351 65
20 1351 24
2432 3619 58
3609 3619 48
3971 3421 51
1009 3421 88
1264 2055 36
3687 2055 33
162 1236 89
2622 1236 92
160 2129 48
3265 2129 4
457 1425 53
1359 1425 94
2832 2664 36
2444 2664 2
3117 771 7
3534 771 16
281 1811 30
1418 1811 77
2481 2585 81
2090 2585 64
1163 74 62
3512 74 87
1673 170 55
2484 170 75
2414 964 96
194 964 14
104 3118 22
3339 3118 25
2271 1604 22
1289 1604 70
3803 3208 72
1661 3208 1
412 3884 57
1519 3884 5
3918 1338 4
858 1338 70
2288 3900 85
2047 3900 60
874 331 68
2390 331 46
1773 1123 35
3142 1123 37
3069 2781 67
1555 2781 25
3029 3659 16
3637 3659 59
642 1791 38
500 1791 2
1180 1939 28
2420 1939 52
2427 163 34
120 163 81
2922 396 84
2493 396 67
3076 2226 91
822 2226 64
441 3255 9
989 3255 85
2278 1991 83
3745 1991 28
3179 1075 44
2540 1075 28
1129 2060 59
2529 2060 75
385 982 79
1834 982 9
3763 3432 58
1970 3432 35
1783 1887 88
2424 1887 41
1389 2485 17
728 2485 94
2020 167 25
72 167 87
614 1838 70
3626 1838 1
268 1147 88
31 1147 65
1431 3935 40
665 3935 54
2666 777 40
531 777 49
935 2307 47
2318 2307 75
285 3921 22
1312 3921 21
2171 3974 1
3589 3974 46
1575 632 28
3702 632 87
1143 1845 53
2892 1845 15
888 1121 66
801 1121 47
2235 2002 57
2482 2002 46
18 3908 91
1350 3908 11
1221 3127 55
362 3127 45
3634 540 91
2955 540 43
3494 1078 50
1326 1078 11
1175 1194 48
225 1194 87
3961 3387 16
894 3387 61
3810 69 12
1334 69 7
2589 205 89
2498 205 19
799 21 67
164 21 24
2366 3038 72
3742 3038 3
1494 2531 77
449 2531 62
2322 293 61
1516 293 8
1242 1260 42
2688 1260 8
1483 1739 25
3285 1739 88
3435 3291 42
3223 3291 86
3357 1272 81
1368 1272 62
112 3222 17
371 3222 2
1663 755 85
2415 755 67
159 3335 12
1947 3335 19
2180 1918 94
3010 1918 42
890 2982 95
2246 2982 16
240 2184 81
1381 2184 11
168 2725 2
3243 2725 13
1763 3206 65
2381 3206 68
3767 1401 34
1450 1401 6
1215 1492 3
3021 1492 80
2674 1128 19
3074 1128 24
3923 3852 80
263 3852 34
2093 1131 80
2958 1131 27
2221 1282 72
1263 1282 57
1468 411 37
2543 411 48
2848 306 58
1681 306 63
2594 2741 15
1566 2741 63
2669 2906 59
3513 2906 35
2714 1871 14
3324 1871 68
3188 235 1
3684 235 15
694 248 89
1797 248 97
2280 1986 36
1120 1986 1
2494 1300 59
2462 1300 80
2567 1738 87
2983 1738 69
3958 530 95
872 530 93
328 3017 19
2316 3017 76
1897 2822 82
1197 2822 91
3793 1550 73
2277 1550 81
3200 878 74
3036 878 50
542 3953 66
2535 3953 54
288 1762 2
3537 1762 6
2436 3413 55
1667 3413 53
2564 2626 97
3273 2626 71
961 1119 69
3492 1119 34
3780 3070 47
1403 3070 39
1654 3474 75
1179 3474 8
602 764 17
1256 764 83
1975 401 41
462 401 31
1348 2362 52
931 2362 26
171 440 67
3306 440 64
922 1985 38
3198 1985 74
3753 2358 38
2659 2358 30
744 3794 42
1695 3794 82
1979 2914 68
3262 2914 26
1996 3367 1
693 3367 69
144 717 33
1240 717 36
2497 2053 21
3300 2053 35
1270 3565 39
2009 3565 2
324 3104 53
3315 3104 74
1249 2715 57
1708 2715 76
1868 848 15
1420 848 18
1055 70 9
3533 70 31
1141 1480 97
244 1480 16
2370 1217 88
1746 1217 8
1590 3679 73
627 3679 13
3796 2001 64
1567 2001 33
1570 3899 15
971 3899 24
3378 1463 65
2062 1463 64
3694 294 51
3741 294 68
1805 1482 33
1936 1482 15
71 889 66
3716 889 31
2151 494 90
2158 494 87
2909 2614 74
523 2614 51
1883 1036 5
2939 1036 66
2845 1345 47
3383 1345 89
1862 713 78
3145 713 34
1376 3100 92
3204 3100 66
1690 3929 3
197 3929 90
1198 934 23
836 934 97
2439 3511 64
2371 3511 46
86 1709 15
749 1709 10
2116 699 86
3882 699 18
3954 802 84
502 802 55
1748 2973 86
3621 2973 34
2753 2299 51
3749 2299 23
437 648 46
1399 648 35
9 2096 31
709 2096 85
1333 3928 58
2240 3928 28
788 2672 34
3744 2672 2
1064 2057 94
376 2057 23
2949 1445 83
216 1445 18
2379 2066 78
2749 2066 72
3073 828 61
2333 828 1
3588 2843 76
1747 2843 14
1618 2440 39
1014 2440 72
2828 230 61
508 230 42
661 2283 11
3556 2283 60
7 3392 11
3622 3392 0
1177 1234 15
3402 1234 35
173 82 41
2579 82 10
3658 3581 94
2728 3581 35
1481 1255 68
2428 1255 16
2231 3840 77
1934 3840 36
3242 1552 82
2773 1552 83
834 3120 52
2250 3120 51
1882 1065 43
1396 1065 97
2637 588 45
725 588 65
2795 3438 48
3980 3438 21
1341 908 20
3042 908 23
2094 2325 88
2232 2325 23
853 2779 65
3001 2779 68
1017 2597 40
2214 2597 71
2658 2690 37
292 2690 83
3234 1841 6
1874 1841 31
3483 188 10
1248 188 5
641 1735 61
1390 1735 44
1861 2783 74
1025 2783 29
1778 3210 5
1442 3210 31
1942 696 78
2005 696 61
1067 2807 23
191 2807 35
1625 2077 33
2605 2077 24
722 804 96
1039 804 79
2143 1548 85
1158 1548 67
557 153 6
2268 153 69
1441 1164 80
1675 1164 45
1446 1023 13
1437 1023 57
3711 1479 83
1183 1479 23
3597 1243 95
2569 1243 61
2575 2524 56
2859 2524 15
1081 2213 7
2373 2213 79
209 2775 61
2100 2775 33
2624 809 34
241 809 85
1677 1385 7
377 1385 67
915 2249 63
643 2249 30
1740 3728 87
3848 3728 96
79 2943 60
3798 2943 16
1866 595 5
2918 595 8
2030 1712 49
3877 1712 67
134 1208 4
1467 1208 83
2395 14 32
1331 14 37
2052 551 64
988 551 92
3802 838 96
1080 838 0
1321 2970 81
3410 2970 46
3141 1894 6
1394 1894 29
1878 3946 57
375 3946 3
2298 754 44
3095 754 90
1529 3433 68
2537 3433 26
1274 892 89
2186 892 83
2547 1536 30
2785 1536 54
3233 3750 39
2755 3750 78
775 423 25
35 423 67
1162 1012 80
1701 1012 50
3832 3627 36
2718 3627 56
300 1178 44
1112 1178 27
2363 1449 31
3116 1449 5
1588 3729 61
2331 3729 67
3994 1941 13
625 1941 42
3539 3991 77
2771 3991 36
537 2046 89
1146 2046 42
1095 3524 26
2475 3524 12
349 1734 32
2640 1734 83
346 136 78
1744 136 50
1737 2966 56
992 2966 49
787 2508 32
538 2508 31
1907 1001 22
1551 1001 26
295 2908 6
2256 2908 84
2200 3261 24
1512 3261 9
742 3916 96
2764 3916 47
3092 2114 70
611 2114 77
381 439 4
2166 439 61
472 3677 29
3031 3677 81
3046 512 67
3950 512 12
630 770 85
707 770 77
38 1054 95
3240 1054 13
1972 2332 39
1283 2332 70
1674 3451 9
2321 3451 27
2817 2014 35
3057 2014 12
1750 3175 19
2218 3175 25
1540 1157 60
3525 1157 77
1152 2147 53
3583 2147 18
1042 3079 40
3734 3079 85
2258 2239 38
1346 2239 91
1191 1785 73
913 1785 48
3182 2471 59
3641 2471 45
3382 747 17
1711 747 70
2003 2132 11
3185 2132 65
2154 2418 50
1459 2418 70
3962 3376 13
1506 3376 20
2763 880 42
1393 880 76
2774 920 76
2788 920 89
451 719 21
946 719 75
1864 583 72
3250 583 35
61 1732 55
2294 1732 84
2194 1182 53
1168 1182 37
190 1609 73
3606 1609 75
1795 3390 9
2927 3390 18
1114 98 0
509 98 47
3286 407 95
1317 407 18
2655 1239 44
280 1239 57
563 3274 34
211 3274 91
2446 1950 53
1228 1950 1
3201 3053 47
1926 3053 12
1276 43 30
3471 43 78
844 2044 51
778 2044 79
105 2506 72
2156 2506 71
1340 2360 16
44 2360 36
1854 3485 83
1478 3485 9
2095 1046 45
2768 1046 44
1770 245 33
2201 245 51
3879 2910 3
322 2910 72
1994 1983 95
3218 1983 72
1935 2765 52
3419 2765 83
1968 1650 85
678 1650 34
2018 1980 83
3506 1980 5
373 2189 86
1713 2189 5
1474 3855 84
854 3855 81
2086 3287 78
672 3287 55
3611 1807 34
3713 1807 79
1585 1138 38
2873 1138 0
1538 3111 69
2286 3111 11
607 1016 25
985 1016 33
471 267 56
2724 267 74
650 1668 63
1031 1668 33
3738 60 90
1332 60 91
1013 1505 52
757 1505 80
1307 1038 59
1486 1038 88
863 2205 88
589 2205 1
1581 302 56
1387 302 23
1496 1896 69
1493 1896 81
3267 669 44
1969 669 47
3941 20 20
3812 20 59
1589 2432 74
2856 2432 62
3732 3609 34
970 3609 12
1315 3971 10
1108 3971 48
1710 1009 43
1266 1009 3
2853 1264 26
520 1264 34
1928 3687 7
1680 3687 21
2460 162 24
3532 162 17
562 2622 80
1220 2622 43
532 160 50
3252 160 76
8 3265 25
1900 3265 28
1696 457 50
1859 457 0
3864 1359 81
3825 1359 21
912 2832 60
206 2832 26
3096 2444 56
574 2444 41
2840 3117 74
820 3117 23
1370 3534 4
2732 3534 82
3356 281 92
1048 281 2
1636 1418 73
33 1418 17
81 2481 42
893 2481 66
2805 2090 6
1513 2090 44
2739 1163 42
924 1163 66
1757 3512 46
2722 3512 70
1812 1673 52
3781 1673 4
2183 2484 1
149 2484 21
77 2414 7
27 2414 87
448 194 24
1595 194 15
1477 104 68
2241 104 46
2164 3339 93
1643 3339 28
823 2271 37
2042 2271 84
2505 1289 44
1605 1289 27
1485 3803 65
222 3803 71
270 1661 71
62 1661 26
584 412 28
664 412 38
1030 1519 17
1608 1519 62
1990 3918 95
879 3918 25
1502 858 30
2182 858 28
118 2288 75
3661 2288 83
1018 2047 70
397 2047 1
1034 874 79
3930 874 11
1323 2390 72
2081 2390 90
1932 1773 58
1189 1773 82
3128 3142 1
1831 3142 55
393 3069 53
3509 3069 43
1782 1555 96
2717 1555 93
2852 3029 50
1219 3029 43
2716 3637 2
394 3637 77
2554 642 19
3663 642 96
2576 500 12
3970 500 70
3725 1180 8
102 1180 50
1586 2420 50
127 2420 70
1423 2427 50
2754 2427 81
415 120 3
2632 120 66
3656 2922 58
3014 2922 26
876 2493 25
499 2493 97
3091 3076 73
3865 3076 22
731 822 76
3361 822 31
2065 441 5
117 441 9
2351 989 11
3791 989 45
793 2278 72
1417 2278 8
3099 3745 37
1580 3745 69
1919 3179 47
1069 3179 46
1259 2540 76
3786 2540 60
1752 1129 74
1452 1129 32
663 2529 39
1913 2529 88
65 385 77
1886 385 44
3666 1834 86
2630 1834 32
656 3763 63
1432 3763 14
3449 1970 97
2965 1970 9
3507 1783 85
2300 1783 81
529 2424 0
852 2424 29
1665 1389 2
2930 1389 37
1652 728 40
603 728 97
2426 2020 46
3981 2020 40
2509 72 89
2810 72 75
3664 614 9
3989 614 52
1582 3626 45
2515 3626 23
3690 268 26
1491 268 49
808 31 34
2367 31 39
2495 1431 4
1988 1431 91
683 665 56
3148 665 75
2097 2666 12
1501 2666 77
3035 531 64
3109 531 52
2377 935 28
2582 935 62
3440 2318 19
5 2318 45
1779 285 80
940 285 72
226 1312 56
298 1312 47
1383 2171 97
506 2171 48
2610 3589 88
3612 3589 77
2265 1575 90
3617 1575 71
517 3702 95
34 3702 38
1149 1143 75
1931 1143 74
2613 2892 74
3536 2892 42
1775 888 15
2295 888 38
3671 801 79
398 801 33
2349 2235 48
1564 2235 70
2645 2482 31
1534 2482 47
283 1621 37
1621 3863 15
3863 718 95
718 2784 23
2784 2808 62
2808 3058 81
3058 1213 32
1213 2399 13
2399 2545 26
2545 2161 23
2161 1706 4
1706 3977 2
3977 1715 1
1715 2580 48
2580 712 77
712 1601 91
1601 1875 71
1875 2133 48
2133 1354 66
1354 428 79
428 2106 10
2106 1976 60
1976 1858 55
1858 2823 85
2823 2761 14
2761 2504 11
2504 3164 76
3164 759 81
759 925 53
925 2571 1
2571 819 97
819 2671 91
2671 2317 94
2317 50 79
50 2016 46
2016 1151 39
1151 2089 13
2089 2340 89
2340 3241 32
3241 3132 23
3132 2040 1
2040 3778 8
3778 2393 0
2393 1612 5
1612 667 52
667 815 94
815 455 5
455 2584 45
2584 734 85
734 3457 76
3457 534 61
534 2270 1
2270 511 56
511 3264 57
3264 282 9
282 3280 89
3280 1798 29
1798 2310 96
2310 2397 73
2397 3698 3
3698 1707 97
1707 1188 77
1188 2713 92
2713 967 44
967 2127 92
2127 2663 59
2663 599 11
599 3986 45
3986 2478 41
2478 479 15
479 3477 69
3477 2960 83
2960 2458 92
2458 1153 21
1153 473 58
473 1118 23
1118 1657 26
1657 2029 70
2029 135 1
135 299 56
299 796 0
796 2491 27
2491 3219 52
3219 1053 9
1053 3920 56
3920 169 90
169 2022 16
2022 1850 1
1850 1559 34
1559 2532 15
2532 2038 35
2038 3988 66
3988 2468 36
2468 2876 34
2876 3790 90
3790 2416 67
2416 351 79
351 1430 44
1430 2833 28
2833 36 75
36 204 9
204 1949 67
1949 1545 88
1545 2153 58
2153 1439 1
1439 1161 60
1161 1091 73
1091 3818 61
3818 2457 73
2457 3055 43
3055 2007 10
2007 2541 24
2541 3183 5
3183 2868 79
2868 3906 54
3906 1790 50
1790 2112 30
2112 564 29
564 22 17
22 1223 89
1223 1670 75
1670 3501 60
3501 2320 77
2320 2039 68
2039 1697 71
1697 1130 35
1130 906 10
906 1306 13
1306 1633 87
1633 2025 94
2025 265 68
265 1792 18
1792 2693 63
2693 2988 72
2988 3349 71
3349 2173 59
2173 1705 52
1705 2948 33
2948 1379 48
1379 2760 42
2760 236 69
236 1849 71
1849 2187 60
2187 1440 2
1440 1116 31
1116 1254 30
1254 3110 46
3110 1689 75
1689 1472 78
1472 1292 77
1292 2142 47
2142 1448 22
1448 2736 18
2736 800 82
800 601 3
601 929 16
929 2107 76
2107 3428 58
3428 2215 3
2215 3816 74
3816 2453 74
2453 2608 29
2608 3422 48
3422 418 89
418 3446 20
3446 1925 89
1925 1514 44
1514 2573 30
2573 955 72
955 2209 29
2209 3685 46
3685 750 51
750 2219 78
2219 2204 44
2204 2644 64
2644 2559 3
2559 1296 90
1296 2334 34
2334 1794 2
1794 2391 86
2391 2392 3
2392 2657 90
2657 3724 26
3724 2747 56
2747 2293 35
2293 1982 7
1982 2017 69
2017 3338 38
3338 733 17
733 3653 53
3653 1630 17
1630 2780 93
2780 1404 63
1404 3897 31
3897 2490 10
2490 2396 13
2396 3486 68
3486 3158 26
3158 367 47
367 2886 91
2886 41 57
41 2977 18
2977 2997 85
2997 550 5
550 3249 88
3249 866 72
866 1281 91
1281 2354 3
2354 1515 60
1515 2936 71
2936 1309 38
1309 1061 38
1061 3613 53
3613 703 44
703 3552 38
3552 513 25
513 2558 70
2558 1902 76
1902 2165 84
2165 2888 7
2888 1413 47
1413 1369 48
1369 2341 80
2341 594 83
594 361 51
361 997 74
997 3297 79
3297 3454 1
3454 3348 75
3348 2706 25
2706 2687 65
2687 11 51
11 2437 37
2437 1214 55
1214 886 29
886 1806 11
1806 325 58
325 581 79
581 3047 79
3047 1679 60
1679 1453 9
1453 1716 7
1716 2330 47
2330 2611 92
2611 2480 56
2480 1303 14
1303 1729 54
1729 2461 4
2461 3177 3
3177 1940 76
1940 55 63
55 1672 28
1672 2536 20
2536 1855 95
1855 3546 23
3546 3173 57
3173 962 10
962 1556 65
1556 3411 16
3411 2595 19
2595 3540 78
3540 308 89
308 570 93
570 1488 60
1488 1526 3
1526 624 35
624 201 20
201 2327 37
2327 3191 21
3191 66 45
66 2429 15
2429 2646 87
2646 3755 10
3755 146 37
146 2878 74
2878 1498 67
1498 2720 81
2720 3320 84
3320 3561 41
3561 2942 16
2942 3309 11
3309 875 21
875 132 27
132 481 59
481 3901 54
3901 461 39
461 1099 2
1099 3856 64
3856 192 64
192 993 14
993 674 69
674 1429 60
1429 3144 21
3144 2596 25
2596 3342 9
3342 1611 83
1611 3785 66
3785 3379 64
3379 3959 44
3959 1127 10
1127 2174 96
2174 3925 79
3925 620 43
620 422 34
422 2757 10
2757 3263 83
3263 720 76
720 3397 24
3397 3873 4
3873 2359 31
2359 156 36
156 2578 71
2578 2563 9
2563 2203 63
2203 3861 41
3861 3939 74
3939 2963 24
2963 4 14
4 1051 87
1051 2855 61
2855 2665 81
2665 2898 22
2898 3578 91
3578 1816 92
1816 203 88
203 1726 53
1726 896 64
896 2198 81
2198 1522 41
1522 2770 32
2770 3150 91
3150 926 29
926 2527 65
2527 2266 39
2266 1836 4
1836 2758 2
2758 705 7
705 3688 6
3688 2863 8
2863 840 20
840 255 54
255 2854 5
2854 2404 10
2404 2525 12
2525 3415 79
3415 1144 17
1144 1337 43
1337 2790 10
2790 1444 24
1444 3490 67
3490 2737 4
2737 3595 39
3595 2643 18
2643 1635 29
1635 1948 61
1948 2402 78
2402 1537 74
1537 352 94
352 3452 31
3452 3212 3
3212 2519 69
2519 1004 38
1004 1922 20
1922 476 47
476 1671 27
1671 2369 28
2369 3740 9
3740 612 50
612 3614 79
3614 617 18
617 1355 10
1355 933 88
933 1320 17
1320 2051 7
2051 882 29
882 3215 69
3215 3770 83
3770 64 86
64 178 3
178 3880 85
3880 2940 67
2940 2607 48
2607 1964 36
1964 3568 55
3568 1204 89
1204 1971 90
1971 3907 43
3907 1853 4
1853 3673 97
3673 2036 86
2036 3892 74
3892 910 0
910 3062 11
3062 445 53
445 1613 56
1613 3559 81
3559 2684 62
2684 1761 75
1761 2583 40
2583 1134 52
1134 3439 8
3439 2874 0
2874 578 2
578 243 0
243 3130 93
3130 2195 29
2195 2867 33
2867 3346 21
3346 1252 72
1252 1374 56
1374 1741 12
1741 2794 0
2794 753 89
753 3331 40
3331 3574 58
3574 487 82
487 2102 90
2102 2830 83
2830 408 38
408 2254 7
2254 1987 19
1987 68 13
68 3171 30
3171 189 7
189 2549 42
2549 1362 7
1362 2712 76
2712 1666 88
1666 1637 56
1637 1273 28
1273 786 42
786 832 40
832 3769 41
3769 420 14
420 714 45
714 662 27
662 781 31
781 2464 53
2464 1027 69
1027 653 94
653 3811 74
3811 459 78
459 10 17
10 1361 30
1361 2560 72
2560 2356 39
2356 2384 24
2384 1851 76
1851 2206 44
2206 2282 28
2282 3192 31
3192 3782 32
3782 1809 95
1809 3016 93
3016 835 79
835 3151 33
3151 2019 19
2019 927 53
927 3773 88
3773 1772 53
1772 2079 30
2079 2233 97
2233 251 45
251 329 92
329 2969 56
2969 798 23
798 1125 96
1125 2479 33
2479 1285 87
1285 1465 51
1465 89 22
89 1728 57
1728 3571 49
3571 1319 12
1319 3645 2
3645 3682 52
3682 2841 51
2841 3423 79
3423 3075 84
3075 229 14
229 752 52
752 3491 92
3491 2668 28
2668 552 53
552 2229 26
2229 3708 56
3708 1848 20
1848 1074 20
1074 3009 43
3009 2000 81
2000 3651 87
3651 3851 32
3851 1829 74
1829 1386 34
1386 3838 64
3838 2387 76
2387 1364 87
1364 1314 31
1314 895 13
895 1815 37
1815 1830 66
1830 3157 63
3157 13 94
13 2033 41
2033 323 85
323 898 30
898 28 90
28 2897 91
2897 740 52
740 638 49
638 1015 88
1015 675 63
675 2338 34
2338 2262 81
2262 3821 17
3821 1899 65
1899 829 82
829 3085 66
3085 1427 34
1427 3837 33
3837 2104 86
2104 2631 11
2631 3052 71
3052 1876 38
1876 1005 72
1005 468 25
468 2636 6
2636 1132 15
1132 2285 95
2285 1469 25
1469 2159 27
2159 1159 59
1159 3887 28
3887 1426 2
1426 3947 58
3947 1933 64
1933 2734 93
2734 1993 26
1993 1245 66
1245 1801 82
1801 549 53
549 684 77
684 3050 68
3050 3717 14
3717 2735 88
2735 3538 46
3538 2945 81
2945 806 76
806 3872 87
3872 1920 24
1920 980 35
980 3748 28
3748 3332 56
3332 2125 93
2125 3431 47
3431 1898 74
1898 1253 92
1253 3496 29
3496 1872 60
1872 2175 71
2175 3227 76
3227 458 23
458 454 25
454 3112 4
3112 404 9
404 2520 33
2520 2981 5
2981 3113 10
3113 2026 0
2026 1997 38
1997 2523 96
2523 3180 2
3180 1150 85
1150 2150 12
2150 2861 4
2861 2648 72
2648 3883 83
3883 3730 39
3730 1603 45
1603 353 85
353 2633 61
2633 606 82
606 238 82
238 903 9
903 1028 39
1028 2054 77
2054 3018 82
3018 1951 37
1951 1324 63
1324 1044 96
1044 1230 78
1230 862 93
862 2059 25
2059 974 10
974 3121 43
3121 2260 15
2260 1530 82
1530 3752 16
3752 3584 37
3584 1944 90
1944 2844 22
2844 2920 10
2920 3149 7
3149 497 16
497 2727 23
2727 568 48
568 3831 48
3831 1736 56
1736 1154 63
1154 3080 73
3080 316 28
316 3284 94
3284 3024 56
3024 1532 39
1532 3822 36
3822 2410 53
2410 1366 92
1366 3307 57
3307 1974 10
1974 3211 28
3211 626 28
626 842 35
842 141 56
141 3869 25
3869 1619 17
1619 2590 46
2590 3967 56
3967 3833 12
3833 2251 43
2251 1938 86
1938 586 40
586 2144 54
2144 3893 87
3893 2216 88
2216 2570 34
2570 1428 8
1428 655 7
655 2382 82
2382 2742 70
2742 2483 23
2483 2212 80
2212 496 10
496 1487 6
1487 3441 20
3441 2602 18
2602 1914 2
1914 3515 9
3515 2789 59
2789 2210 60
2210 3499 52
3499 658 2
658 3350 44
3350 3168 27
3168 2744 82
2744 2103 4
2103 1893 27
1893 3591 45
3591 2049 37
2049 1327 33
1327 345 4
345 2190 72
2190 1753 75
1753 2895 23
2895 247 23
247 1371 37
987 2122 88
2122 1406 71
1406 3377 25
3377 1271 75
1271 3043 74
3043 271 42
271 1066 13
1066 2929 34
2929 2961 54
2961 2139 59
2139 2287 22
2287 795 95
795 3460 61
3460 1647 23
1647 2477 83
2477 1184 41
1184 2629 48
2629 3705 48
3705 1577 52
1577 181 44
181 2641 4
2641 2245 16
2245 250 84
250 2568 47
2568 1781 69
1781 200 92
200 2074 23
2074 3256 65
3256 3600 69
3600 2035 22
2035 1703 26
1703 1402 31
1402 3196 31
3196 3293 23
3293 3398 66
3398 161 49
161 2178 48
2178 3835 14
3835 1924 39
1924 291 14
291 3089 29
3089 272 37
272 941 73
941 257 45
257 444 32
444 651 35
651 3098 77
3098 3636 21
3636 2284 10
2284 3508 3
3508 1799 77
1799 2577 65
2577 1813 53
1813 2551 68
2551 3949 33
3949 392 91
392 2546 8
2546 304 5
304 1503 62
1503 3094 43
3094 2225 74
2225 543 19
543 286 36
286 2913 14
2913 1443 59
1443 870 70
870 2071 8
2071 965 85
965 63 88
63 2361 14
2361 3860 55
3860 3007 61
3007 1769 95
1769 78 25
78 645 74
645 3005 80
3005 1789 63
1789 2974 72
2974 2450 10
2450 758 86
758 45 9
45 3756 26
3756 1958 42
1958 640 69
640 1097 48
1097 2488 85
2488 1210 48
1210 1045 39
1045 3086 74
3086 3334 17
3334 3088 35
3088 2425 97
2425 2352 74
2352 979 20
979 37 82
37 2169 96
2169 1407 44
1407 3926 11
3926 2328 34
2328 969 96
969 2353 4
2353 1554 66
1554 3827 55
3827 3045 51
3045 1090 21
1090 1330 7
1330 3041 46
3041 2686 92
2686 3783 56
3783 334 75
334 2574 36
2574 26 73
26 3292 61
3292 158 15
158 2227 55
2227 1145 74
1145 2272 77
2272 2986 40
2986 3933 89
3933 2818 28
2818 3779 55
3779 2315 31
2315 2625 25
2625 3762 89
3762 2619 75
2619 3909 8
3909 3495 11
3495 259 9
259 1288 34
1288 1742 35
1742 3955 37
3955 1826 11
1826 2987 7
2987 2767 39
2767 2474 44
2474 2600 34
2600 3159 51
3159 339 19
339 3246 36
3246 3022 16
3022 2172 88
2172 851 5
851 2456 52
2456 2058 20
2058 2702 62
2702 3807 17
3807 344 87
344 1787 26
1787 2196 91
2196 706 94
706 264 93
264 2489 69
2489 3344 54
3344 2821 12
2821 3703 65
3703 2466 69
2466 3905 4
3905 2521 79
2521 2015 14
2015 2926 43
2926 688 85
688 2800 36
2800 103 68
103 1531 20
1531 3436 91
3436 3002 48
3002 3632 77
3632 1724 52
1724 469 78
469 2403 11
2403 202 48
202 2459 9
2459 784 18
784 2522 78
2522 3674 13
3674 2894 53
2894 2238 70
2238 700 27
700 150 63
150 3759 24
3759 1965 72
1965 772 27
772 2588 28
2588 2872 19
2872 1022 43
1022 3898 31
3898 1405 32
1405 1367 86
1367 1692 93
1692 3271 38
3271 1699 52
1699 3936 58
3936 3321 87
3321 2010 83
2010 3966 51
3966 2680 29
2680 3028 71
3028 960 60
960 1278 70
1278 2964 34
2964 3389 44
3389 2851 88
2851 1764 11
1764 312 39
312 2675 86
2675 3649 74
3649 3394 66
3394 2259 61
2259 2037 35
2037 1342 79
1342 2802 90
2802 3616 31
3616 1115 1
1115 3156 77
3156 94 33
94 3963 54
3963 2660 72
2660 644 50
644 24 45
24 1100 54
1100 843 63
843 3420 48
3420 3384 15
3384 106 31
106 3983 50
3983 3229 12
3229 986 15
986 622 86
622 273 77
273 3417 83
3417 841 17
841 2787 60
2787 3199 0
3199 3316 38
3316 2612 44
2612 569 68
569 3450 37
3450 2345 40
2345 3519 24
3519 994 7
994 402 42
402 3701 10
3701 2217 81
2217 2667 85
2667 2689 40
2689 477 1
477 3735 83
3735 2273 63
2273 2581 47
2581 814 45
814 1508 56
1508 930 87
930 1784 19
1784 3520 40
3520 2405 66
2405 474 69
474 514 77
514 1203 20
1203 115 46
115 3912 6
3912 56 62
56 3299 53
3299 3555 23
3555 3330 88
3330 2934 12
2934 2938 31
2938 172 74
172 3518 27
3518 3401 5
3401 1111 83
1111 83 76
83 2098 79
2098 2510 42
2510 505 77
505 2368 37
2368 1810 40
1810 3186 47
3186 1777 34
1777 3269 73
3269 1963 84
1963 1398 10
1398 831 81
831 837 18
837 1353 22
1353 2111 97
2111 548 14
548 1698 54
1698 3430 58
3430 363 76
363 3615 36
3615 687 32
687 3143 60
3143 1911 42
1911 2191 43
2191 97 74
97 1641 33
1641 3503 11
3503 3573 47
3573 1196 90
1196 488 78
488 1648 30
1648 2782 17
2782 1041 5
1041 944 59
944 3692 83
3692 3554 32
3554 631 53
631 2954 27
2954 3746 18
3746 2812 85
2812 3225 8
3225 3572 91
3572 490 43
490 1010 69
1010 337 32
337 3473 71
3473 143 27
143 1060 16
1060 3937 36
3937 3374 20
3374 3463 51
3463 1336 93
1336 110 8
110 1685 36
1685 3902 53
3902 991 58
991 1339 67
1339 380 20
380 1416 7
1416 1103 43
1103 3114 11
3114 3295 29
3295 252 6
252 3758 45
3758 2109 19
2109 2917 68
2917 1056 2
1056 861 29
861 1656 87
1656 350 94
350 2448 25
2448 525 63
525 1840 71
1840 2634 17
2634 2375 18
2375 2792 63
2792 978 77
978 1607 18
1607 2160 86
2160 2517 92
2517 2836 21
2836 1071 88
1071 3704 40
3704 3061 77
3061 2694 63
2694 3700 90
3700 3026 67
3026 1222 19
1222 2650 44
2650 2847 49
2847 3400 69
3400 111 38
111 2289 48
2289 122 2
122 75 89
75 1225 80
1225 2586 17
2586 2562 82
2562 3706 35
3706 1170 41
1170 547 4
547 3203 13
3203 3174 80
3174 140 10
140 1021 95
1021 1943 44
1943 2933 56
2933 2673 44
2673 3194 63
3194 2383 14
2383 2952 41
2952 1135 38
1135 57 10
57 797 46
797 261 73
261 2131 64
2131 794 42
794 2838 0
2838 2105 45
2105 3105 22
3105 860 47
860 485 42
485 374 31
374 1558 23
1558 1070 37
1070 3396 42
3396 1587 2
1587 84 82
84 2723 39
2723 905 95
905 3167 2
3167 2355 89
2355 221 83
221 959 46
959 1814 27
1814 2343 48
2343 3517 92
3517 3570 2
3570 3288 91
3288 2846 85
2846 1176 68
1176 1495 40
1495 1169 78
1169 3039 44
3039 3672 94
3672 2703 38
2703 1462 26
1462 1344 74
1344 3023 62
3023 130 49
130 807 29
807 3764 65
3764 3560 62
3560 1817 22
1817 582 34
582 2593 18
2593 1718 87
1718 254 74
254 482 75
482 2202 90
2202 310 45
310 680 87
680 3329 15
3329 400 94
400 3760 69
3760 2234 16
2234 776 45
776 2032 36
2032 2756 57
2756 1832 25
1832 3558 36
3558 1678 24
1678 3107 58
3107 2034 24
2034 1375 18
1375 3380 2
3380 2073 34
2073 907 33
907 561 43
561 3302 27
3302 2455 95
2455 3237 45
3237 2443 78
2443 533 56
533 3795 49
3795 258 55
258 3056 12
3056 2944 47
2944 2208 71
2208 947 68
947 463 97
463 3521 73
3521 2394 38
2394 1627 7
1627 566 39
566 3434 45
3434 2691 59
2691 450 10
450 278 74
278 780 37
780 1414 77
1414 3670 58
3670 501 80
501 1050 52
1050 3087 19
3087 76 84
76 3792 35
3792 80 30
80 3467 73
3467 287 29
287 3304 22
3304 2842 43
2842 3809 9
3809 792 72
792 3544 41
3544 2941 87
2941 3990 15
3990 2347 49
2347 1904 84
1904 1235 67
1235 2797 48
2797 745 8
745 2796 83
2796 2048 19
2048 3662 81
3662 3195 50
3195 909 44
909 942 24
942 692 4
692 151 28
151 3136 88
3136 85 73
85 3067 27
3067 1766 80
1766 1086 75
1086 2372 20
2372 1560 16
1560 1291 92
1291 3270 77
3270 3082 54
3082 442 75
442 430 13
430 3531 75
3531 3817 55
3817 2786 94
2786 3646 55
3646 433 14
433 610 26
610 741 51
741 2534 78
2534 2301 67
2301 253 33
253 1852 27
1852 3607 12
3607 3943 51
3943 90 44
90 3008 50
3008 3165 71
3165 483 75
483 3522 97
3522 46 79
46 3965 14
3965 2609 73
2609 289 67
289 1265 94
1265 3115 15
3115 1000 17
1000 3777 70
3777 3603 27
3603 212 58
212 1723 82
1723 2956 93
2956 2279 73
2279 2816 7
2816 3266 25
3266 465 86
465 3214 19
3214 3648 41
3648 1209 69
1209 1268 25
1268 3680 51
3680 3466 43
3466 3747 56
3747 2759 11
2759 3251 33
3251 3710 95
3710 2972 27
2972 743 79
743 2542 17
2542 2006 49
2006 2652 37
2652 315 29
315 1172 44
1172 3060 88
3060 2516 57
2516 3277 60
3277 1686 59
1686 2752 75
2752 3914 70
3914 3260 30
3260 3232 35
3232 3170 65
3170 3093 56
3093 3814 2
3814 335 50
335 3369 13
3369 2962 4
2962 1610 3
1610 2654 5
2654 3020 68
3020 1702 92
1702 3620 78
3620 897 92
897 1596 5
1596 1623 74
1623 2290 78
2290 498 3
498 1047 6
1047 2130 23
2130 2364 77
2364 3381 27
3381 2248 9
2248 3163 32
3163 148 75
148 3364 90
3364 3904 85
3904 208 86
208 3934 58
3934 3868 15
3868 3927 96
3927 3839 94
3839 2899 49
2899 3727 56
3727 2834 36
2834 3488 15
3488 2993 60
2993 2827 31
2827 39 46
39 769 39
769 1408 44
1408 138 57
138 884 30
884 493 79
493 1517 97
1517 1616 6
1616 813 2
813 123 15
123 88 31
88 1751 36
1751 995 11
995 3197 75
3197 318 1
318 1098 48
1098 2193 38
2193 2274 21
2274 3317 5
3317 1032 59
1032 618 82
618 2740 14
2740 2991 31
2991 2101 13
2101 3336 25
3336 3660 72
3660 1419 90
1419 2766 96
2766 2181 49
2181 432 49
432 3351 27
3351 2819 89
2819 232 18
232 1201 39
1201 1136 45
1136 379 22
379 2950 39
2950 2951 83
2951 1461 39
1461 2733 39
2733 3268 70
3268 2839 70
2839 3429 24
3429 101 95
101 219 70
219 3836 18
3836 1923 22
1923 3220 47
3220 830 35
830 1788 95
1788 3125 6
3125 3915 88
3915 1073 90
1073 2704 3
2704 721 30
721 3470 40
3470 421 29
421 2253 46
2253 2085 64
1 283 6
1 987 76
1412 3221 58
1412 3712 33
3221 223 28
223 3077 97
3712 3889 73
3889 3176 75
3176 1302 40
1302 3319 17
1302 1946 43
223 3826 87
3826 3841 84
1946 1745 45
3889 311 73
3826 2365 34
1302 1546 84
1546 3465 89
311 883 28
1745 856 68
2365 1438 69
311 2935 27
1745 2126 21
311 99 45
1438 1391 67
2126 1101 6
856 1148 64
3465 2162 74
1438 1205 74
2126 899 24
2126 417 73
1148 2711 2
1148 3337 83
417 2312 86
1101 3633 45
1205 1052 49
899 3668 27
417 976 38
899 1755 56
3337 2826 39
1052 2070 3
1052 948 66
2070 2798 51
3633 698 6
3668 3844 48
698 2820 88
2798 3550 1
2798 3527 88
1755 3294 64
948 847 33
948 486 2
243 1148 57
1029 3498 81
1029 3529 18
1029 1952 10
1029 237 96
1029 1624 69
1029 3557 5
1029 3305 87
1029 2777 42
1029 1973 64
1029 3147 34
1029 40 27
1029 2561 30
1029 1384 29
1029 3582 97
1029 378 22
1029 902 90
1029 2378 70
1029 3881 75
1029 2921 36
1029 3103 86
1029 3448 0
1029 224 70
1029 3414 86
1029 2975 30
1029 3296 41
1029 3829 19
1029 2145 74
1029 1377 62
1029 2228 40
1029 1691 24
1029 901 84
1029 187 78
1029 1305 90
1029 1454 56
1029 2685 72
1029 2708 88
1029 372 51
1029 1562 52
1029 3635 60
1029 2041 85
1029 2313 53
2005 3305 11
3409 3768 35
3768 697 48
3409 1725 28
697 1984 73
1984 93 84
93 2027 42
1725 32 50
3409 1277 18
2027 504 38
3409 464 6
464 356 57
697 3878 61
93 3476 42
3476 873 7
93 2882 86
2027 3366 86
3878 1869 83
2882 266 43
1869 917 95
873 3311 90
3311 1917 65
3311 403 16
917 3575 57
1869 2380 32
3575 2883 64
266 475 45
475 125 95
125 2824 58
125 3102 7
3102 1774 39
475 1879 90
403 2296 38
1879 2887 18
1879 1388 11
125 1166 53
2296 3579 23
3102 1269 12
2296 2076 50
1269 1160 93
2296 3152 68
2296 3972 51
3770 93 58
3984 1629 59
3984 593 15
1629 1019 51
1629 3025 92
593 3318 69
593 165 72
1019 3138 63
1019 231 22
3025 262 78
3025 689 12
3318 3003 83
3318 1533 79
165 1909 13
165 2762 71
3138 1063 72
3138 2998 16
231 1185 36
231 1955 50
262 555 58
262 736 78
689 109 56
689 3564 61
3003 2565 14
3003 3599 66
1533 1890 14
1533 679 31
1909 3276 33
1909 3931 91
2762 2885 52
2762 3639 60
1063 3497 59
1063 2408 25
2998 2028 11
2998 1473 58
1185 3630 11
1185 3510 12
1955 3638 22
1955 1908 44
555 3567 30
555 3310 47
736 1574 34
736 3427 28
109 1743 47
109 2146 10
3564 1122 20
3564 2978 20
2565 3484 8
2565 1839 24
3599 2994 10
3599 2778 10
1890 695 3
1890 3359 77
679 1891 61
679 864 40
3276 145 2
3276 1535 7
3931 2138 68
3931 3481 83
2885 953 30
2885 1171 23
3639 3813 74
3639 3695 16
3497 1466 31
3497 3236 27
2408 3385 28
2408 943 95
2028 196 62
2028 2959 48
1473 3808 56
1473 2357 4
3630 3549 85
3630 3847 36
3510 937 88
3265 2998 39
2953 183 73
183 3386 96
3386 1867 15
1867 2890 79
2890 3775 50
3775 2303 1
2303 670 4
670 2336 16
2336 724 34
724 2451 13
2451 2449 0
2449 3360 20
3360 1598 96
1598 2620 27
2620 369 92
369 559 84
559 2261 53
2261 3888 61
3888 3341 24
3341 2662 18
2662 1599 5
1599 2061 65
2061 576 13
576 2337 59
2337 2441 39
2441 1885 34
1885 1645 17
1645 3479 12
3479 3015 48
3015 2492 26
2492 186 62
186 2552 7
2552 1279 68
1279 3502 51
3502 887 64
887 2772 60
2772 923 10
1502 2953 70
193 1290 78
193 17 85
193 2088 30
193 166 36
193 3623 77
193 2683 6
193 3084 20
193 1190 53
193 2698 47
193 3282 45
193 2923 39
193 2063 24
193 999 97
193 1207 86
193 2748 49
193 3279 21
193 1211 56
193 1730 84
193 515 48
193 3032 84
193 2879 11
193 869 69
193 2984 70
193 3303 72
193 2008 63
193 1218 50
193 228 48
193 2311 64
193 2526 83
193 2616 19
193 2064 46
193 765 26
193 3461 15
193 1889 81
193 1857 92
193 3982 15
193 3535 7
193 2750 24
193 746 57
193 3689 17
193 2681 68
193 1759 11
193 3528 85
193 2413 32
193 945 49
193 3187 34
193 859 78
193 604 77
193 1124 16
193 1527 72
193 313 6
193 3004 6
193 431 92
193 3308 69
193 1842 7
193 2067 95
193 2635 68
193 2745 33
193 972 28
193 2297 66
193 2119 23
193 1083 28
193 3395 80
193 467 85
193 2013 6
193 652 12
193 2857 92
193 3363 53
193 2476 70
193 1181 40
337 3282 29
3393 3577 82
3393 660 86
3577 3447 31
3577 2566 89
660 2069 44
660 2627 27
3447 1093 6
3447 2866 20
2566 1606 38
2566 673 73
2069 3922 12
2069 1906 94
2627 2647 10
2627 3059 93
1093 3247 74
1093 748 18
2866 3254 47
2866 121 36
1606 2188 20
1606 623 36
673 1363 49
673 1068 81
3922 1349 51
3922 1360 56
1906 3106 45
1906 1905 38
2647 3244 57
2647 107 69
3059 414 66
3059 1226 37
3247 3424 60
3247 2179 68
748 327 19
748 383 30
3254 3799 92
3254 3876 30
121 3375 51
121 956 70
2188 330 34
2188 2388 56
623 738 16
623 2701 82
1363 3129 94
1363 565 88
1068 2915 72
1068 2292 80
1349 2507 90
1349 919 72
1360 348 93
1360 1733 20
3106 952 82
3106 1825 89
1905 1518 46
1302 2069 9
1639 2889 6
1639 2050 50
2889 3819 54
2889 3216 96
2050 3624 4
2050 1669 95
3819 3709 39
3819 2469 47
3216 1382 86
3216 1059 72
3624 279 24
3624 2445 58
1669 2222 1
1669 3683 78
3709 868 17
3709 1262 93
2469 3034 21
2469 3407 84
1382 2237 7
1382 2813 57
1059 2467 0
1059 1921 50
279 3917 34
279 2056 44
2445 3209 34
2445 19 46
2222 3853 78
2222 1293 49
3683 3487 65
3683 3516 70
868 1578 67
868 1155 27
1262 1786 16
1262 427 63
3034 544 39
3034 1768 6
3407 3834 59
3407 3655 84
2237 3289 61
2237 2877 55
2813 3426 2
809 1155 25
1584 2128 63
2128 410 31
410 3543 71
3543 1316 59
1316 1232 70
1232 48 29
48 789 16
789 96 47
96 629 91
629 597 5
597 466 57
466 730 4
730 2082 40
2082 1953 45
1953 354 61
354 2903 5
2903 2835 90
2835 3353 36
3353 3065 59
3065 2642 72
2642 217 87
217 751 0
751 3545 8
3545 2401 53
2401 3 94
3 1084 59
1084 3541 29
3541 227 50
227 2376 22
2376 446 14
446 558 44
558 453 86
453 246 5
246 3453 14
3453 317 31
317 1543 42
1543 1828 39
1828 1250 45
1250 1591 56
1591 388 73
388 1105 63
1105 366 69
366 1328 23
1328 341 86
341 2518 90
2518 3815 22
3815 2550 9
2550 871 93
871 3547 54
3547 3352 40
3352 1229 57
1229 1895 28
1895 3239 85
3239 2080 44
2080 413 80
413 6 2
6 1528 95
1528 3228 85
3228 3857 23
3857 2829 12
2829 2511 39
2511 3323 18
3323 3594 82
3594 3514 56
3514 3995 39
3995 2513 0
1001 2128 47
1511 519 23
519 277 53
1511 3849 40
3849 634 45
3849 436 82
1511 3948 64
519 681 88
681 1659 78
1511 1206 67
1659 2858 81
1659 2319 78
2319 3325 12
436 1313 77
3948 2442 96
436 2099 76
2099 3064 61
1313 600 82
2319 368 11
3325 3771 76
3325 526 18
3064 2692 36
600 2809 11
1313 3667 27
600 1614 9
2809 1542 44
600 3675 67
600 839 50
2809 3354 26
2809 2012 71
2692 1571 14
2809 326 72
3675 2928 37
3667 686 59
2928 3789 3
3675 2804 77
1571 845 20
686 3011 52
2804 723 40
686 1651 75
723 3123 95
723 1113 90
3123 1126 4
1651 1298 30
1298 708 14
1126 3987 91
3123 3480 63
723 1200 74
1126 2308 17
1126 215 1
2308 1241 40
3480 951 89
2308 1192 21
1241 1082 29
708 1072 16
1200 51 15
1082 2021 1
2308 3576 21
51 3823 22
215 1102 76
951 2306 34
2306 816 28
2021 3328 27
2306 1992 87
2306 155 93
2021 3862 2
2490 3862 68
3412 269 55
269 320 55
269 3776 7
269 2141 24
2141 92 90
269 1945 44
269 406 81
1945 628 94
269 1880 47
3776 3312 68
2141 2170 19
269 1397 41
92 342 43
628 3166 4
1880 1903 65
3312 3913 48
3312 3504 76
320 3224 63
269 1978 74
1903 619 37
1978 2957 84
1880 3081 41
2957 2386 4
3504 1877 18
1397 2900 75
2386 399 87
1397 990 9
1877 2916 68
1397 3469 16
3913 2087 68
3081 49 9
2087 598 90
2141 1959 42
399 1760 96
2170 2137 34
49 826 13
2916 52 54
1945 2548 92
1877 756 59
3504 3388 69
2087 3459 55
3469 2045 88
2045 3193 28
1959 3416 11
2137 2601 74
904 3081 11
2528 2849 70
2849 857 0
857 1520 40
1520 1139 30
1139 1912 78
1912 484 47
484 1541 97
1541 2281 59
2281 3886 35
3886 2850 34
2850 1749 69
1749 23 24
23 2267 86
2267 1600 13
1600 1507 61
1507 1297 63
1297 2148 76
2148 3097 63
3097 2999 53
2999 690 22
690 3464 76
3464 580 81
580 1568 8
1568 527 95
527 2932 24
2932 3657 31
3657 3932 69
3932 3258 22
3258 676 87
676 1024 22
1024 3643 88
3643 3131 26
3131 891 40
891 3108 73
3108 3858 64
3858 1593 47
1593 3592 87
3592 668 0
668 2400 48
2400 3405 10
3405 29 51
29 1802 9
1802 3358 94
3358 3629 3
3629 2031 37
2031 1409 9
1409 180 27
180 2751 82
2751 1329 87
1329 3355 58
3355 1411 5
1411 2 59
2 3754 75
3754 916 97
916 3404 13
3404 1421 51
1421 3083 30
3083 1092 83
1092 1765 31
1765 1835 31
1334 3258 87
198 15 82
15 1347 52
198 2793 57
1347 3859 77
2793 58 21
3859 1977 67
198 1251 38
1977 2220 8
1251 507 21
2220 1727 74
1727 560 41
1727 1358 33
1977 2412 22
1977 3801 0
2793 3919 50
1977 1318 30
15 1646 21
560 309 72
1251 1020 53
560 3333 46
15 2470 18
507 2120 83
1251 957 23
2412 3371 56
1977 812 65
3333 2136 45
507 585 63
3801 489 31
1251 3370 82
957 3874 68
812 1594 30
58 2407 3
1347 2653 40
3874 1325 73
198 2721 26
1977 2743 73
489 3598 25
2793 1195 19
1727 1156 57
1325 1888 1
2407 1085 11
2793 3846 71
198 1937 38
3846 478 16
1085 2746 33
3859 1660 94
3801 2374 10
2374 220 77
2374 1758 7
2653 572 59
489 3975 72
2746 1721 41
3859 1107 57
3598 3444 74
1758 3313 96
3371 2937 87
1758 3478 72
3859 2912 20
2743 3399 59
2793 1087 27
1085 3765 62
3478 1822 10
568 3444 75
3048 3891 39
3048 3063 17
3891 3650 70
3891 711 53
3063 2992 96
3063 3761 18
3650 1295 29
3650 1284 11
711 2463 38
711 3586 43
2992 2825 80
2992 3590 33
3761 2157 3
3761 637 86
1295 2004 86
1295 3153 53
1284 2134 57
1284 3033 80
2463 2068 52
2463 1475 68
3586 116 87
3586 1186 66
2825 2696 47
2825 666 87
3590 3542 72
3590 1077 85
2157 1436 36
2157 3806 27
637 3372 85
637 2677 36
2004 3137 84
2004 210 34
3153 126 73
3153 2168 58
2134 3952 73
2134 2539 65
3033 1754 34
3033 12 56
2068 2115 27
2068 3071 76
1475 3493 95
1475 2651 73
116 3054 57
116 1286 17
1186 447 24
1186 2931 1
2696 3122 42
2696 1655 89
666 3134 88
666 3049 21
3542 3072 11
3542 2679 26
1077 1796 25
1077 2729 48
1436 274 41
1436 176 1
3806 3548 71
3806 3553 4
3372 53 7
3372 1137 6
2677 139 97
2677 958 23
3137 2496 17
1589 1286 78
3992 3691 4
3992 3618 73
3691 1563 51
3618 2990 43
3618 1524 85
3618 3731 4
1563 616 73
3691 3647 27
3992 1490 86
3618 1803 39
1490 409 69
3647 1299 8
616 3340 64
616 3500 52
1490 1244 37
3340 207 29
3500 541 95
409 2572 32
2572 2224 30
3500 452 95
409 983 19
207 1352 79
541 760 39
207 3169 94
207 1006 16
1006 3800 42
541 682 42
3800 1910 91
682 3406 62
452 242 22
760 710 22
710 2211 43
3169 2108 46
2211 2603 44
710 3903 46
1910 3133 51
1910 936 94
2211 3721 57
2108 1653 42
2211 2976 60
2108 119 15
936 2919 86
3133 3418 31
936 2435 70
936 3226 61
2919 981 39
3418 553 73
1653 382 43
2976 3368 45
2976 1771 72
2919 1865 44
1771 3739 24
1865 1484 32
2435 3669 27
1484 817 28
1484 2710 44
2681 616 46
503 1644 82
503 2891 17
503 3468 90
503 2291 85
503 715 59
503 3743 70
503 443 95
503 2075 3
503 914 8
503 434 42
503 633 21
503 1267 39
503 3718 67
503 1460 65
503 2699 19
503 1173 32
503 782 61
503 3013 70
503 1457 28
503 984 9
503 2738 92
503 3301 23
503 1410 49
503 360 40
503 2117 40
503 2326 27
503 460 16
503 2152 10
503 1356 27
503 605 80
503 918 41
503 128 93
503 3676 68
503 2083 59
503 881 37
503 1106 64
503 3472 34
503 3272 13
503 3774 68
503 3580 61
503 1844 2
503 426 68
503 147 47
503 1956 36
130 3468 35
591 3787 42
591 2996 73
2996 3720 38
3787 1793 53
591 2587 69
1793 3425 70
2587 949 92
3787 1780 15
3787 3562 94
3720 3605 26
2587 1040 80
1040 1497 72
949 1140 43
1793 3456 22
3425 3101 13
1780 3238 92
1040 95 88
3101 3843 40
95 357 68
3456 2430 70
3101 654 7
3101 968 6
3843 1694 47
1694 3714 24
357 1258 2
1694 3628 33
968 3343 72
3714 587 82
3628 301 87
968 1597 28
968 1719 1
3628 1142 18
3343 1927 63
587 811 32
3343 2709 39
301 1509 14
1927 3601 50
1142 2314 93
811 3442 2
3442 2447 32
2447 1561 15
3601 1343 70
811 3283 37
2314 2947 56
1343 704 27
3283 950 21
1343 3681 43
1561 646 31
1561 1717 11
1561 1837 33
3681 1549 48
950 2695 81
2695 701 82
2695 3854 7
1837 336 0
3681 2618 0
2695 1455 8
1837 818 95
2618 276 28
1455 3587 53
1549 2649 37
3587 3190 21
818 296 60
2649 767 30
296 340 41
340 239 27
276 1525 87
276 1311 26
1311 73 26
3190 1322 13
3190 1622 1
1525 2925 43
1322 2092 91
1622 1544 6
340 3993 17
239 2276 73
1322 2423 63
1544 2604 26
73 2177 0
2276 1470 53
2423 416 76
1470 3896 14
2276 577 43
3896 491 86
2604 2881 77
2881 2043 57
2423 2946 37
2177 2865 25
3896 174 50
3896 1999 6
3132 3854 81
975 184 56
975 554 58
975 1720 23
975 596 67
975 3736 97
975 3066 34
975 2815 78
975 2902 12
975 1553 9
975 973 3
975 691 90
975 2530 1
975 91 42
975 3715 20
975 2556 22
975 2911 79
975 3178 24
975 773 28
975 1079 51
975 735 78
975 2350 82
975 3044 96
975 2967 86
975 1400 81
975 3455 8
975 3890 61
975 3788 5
975 2197 61
975 2730 67
975 518 53
975 2252 76
2467 2197 82
108 1233 17
1233 867 61
1233 855 95
1233 2869 72
2869 3885 2
855 3973 33
3973 1640 71
855 3707 2
3973 726 31
3973 419 67
3707 1954 29
419 3000 60
108 157 15
108 3259 33
419 3275 8
108 1007 67
3885 827 18
3000 1967 37
3259 3842 52
3000 621 40
108 1062 2
1954 3235 95
827 233 4
855 2924 86
3000 556 82
1007 900 27
233 850 77
827 364 49
3885 938 43
867 1827 56
2869 2411 63
1954 2124 35
3885 3090 37
1233 3257 82
827 1915 26
108 1966 60
850 2011 90
364 3867 29
1640 685 39
556 1237 29
3867 3314 76
556 2769 95
3707 438 66
1827 177 49
1062 3326 83
3235 3871 77
1062 3482 89
3257 3870 33
2124 1104 54
1640 213 90
2869 2799 29
364 387 56
213 3850 66
621 2302 18
177 2500 60
3482 2870 38
2124 3373 26
1062 1357 42
1915 3162 89
2799 2512 87
3314 783 35
1996 3885 0
877 3489 44
877 1499 18
1499 338 77
877 2454 10
1499 321 77
877 3940 37
321 1033 0
1033 963 23
321 1833 28
321 846 13
1833 2599 8
3489 2433 18
846 30 69
1033 716 92
1033 1819 15
2599 214 59
1819 2860 81
214 2621 55
214 3797 0
1819 1628 47
877 1916 39
1916 3347 63
2433 389 13
389 2342 91
963 1892 54
2599 3184 39
2860 3403 40
3940 3172 26
877 528 13
1916 3445 84
2342 347 84
1819 3824 84
347 3985 5
30 2639 37
963 3189 33
3347 702 4
30 939 1
3797 790 61
1833 1451 8
1451 2163 58
2163 575 48
321 114 67
1628 3596 43
3940 425 95
338 2264 49
3184 2275 14
1451 1683 3
389 3217 75
939 2985 36
114 42 17
3940 113 86
2275 1722 93
2454 495 21
3797 1110 44
2454 1901 82
877 2192 93
1110 2118 19
3347 609 21
1833 824 21
1110 524 64
114 2791 70
524 3161 26
824 2557 89
114 1365 69
214 2907 68
528 1212 72
716 810 38
1722 1638 77
1901 1109 51
1819 3978 46
1901 3693 88
1683 1860 65
347 1756 87
2791 3696 58
2907 1687 17
1109 1820 77
425 358 38
1756 2123 60
3347 805 56
2557 1634 51
877 2538 13
3347 1464 47
3403 1422 45
1109 1424 44
3693 803 13
1634 1308 13
877 307 21
939 1579 22
1892 2305 77
2305 3458 51
2557 2904 10
3985 3475 50
2492 2791 29
1003 763 65
763 3051 76
3051 3530 43
3530 3585 34
3585 1500 19
1500 305 87
305 3160 28
3160 3951 97
3951 3248 76
3248 3593 62
3593 3804 47
3804 3437 38
3437 3722 88
3722 2263 1
2263 2434 52
2434 3139 14
3139 2995 26
2995 2247 53
2247 2628 19
2628 737 66
737 3654 59
3654 1246 40
1246 2905 77
2905 3327 69
3327 1583 40
1583 791 70
791 1684 31
1684 1642 36
1642 3830 9
3830 3911 5
3911 3462 96
3462 3202 54
3202 3019 79
3019 3443 52
3443 2499 95
2499 2199 2
2199 522 12
522 2023 26
2023 1447 2
1447 2670 21
2670 2135 33
2135 521 50
521 1704 70
1704 3030 78
3030 319 66
319 179 38
179 2346 92
2346 1881 86
1881 1261 18
1261 1602 24
1602 3526 55
3526 2591 23
2591 3924 7
3924 2230 55
2230 2421 43
2421 2242 23
2242 1043 26
1043 3875 87
3875 657 59
657 365 67
365 1823 17
1823 1287 21
1287 3960 67
3960 1133 35
1133 3640 32
3640 3968 45
3968 3697 64
3697 3784 66
3784 405 83
405 152 91
152 2121 50
2121 1843 86
1843 921 47
921 516 44
516 1002 79
363 3968 19
391 2091 56
2091 456 9
391 1617 2
456 2862 18
456 2803 23
391 3569 44
2862 2875 22
3569 2901 65
2875 966 13
2091 1523 19
3569 1557 85
2091 3772 30
1523 536 20
2875 470 4
3569 1471 39
3772 3551 52
391 3678 59
2875 2598 77
470 1011 54
3551 1961 84
456 3040 58
391 1117 28
391 1658 9
2598 579 16
1523 424 90
456 2472 89
1617 3996 4
1011 2501 26
536 1096 62
3996 3726 72
3678 608 14
2091 2257 49
2501 154 24
1374 2598 10
355 2678 94
355 2533 67
2678 3012 68
2678 635 59
2533 1257 0
2533 885 93
3012 2473 0
3012 1662 49
635 3408 76
635 124 64
1257 785 14
1257 2110 73
885 3119 84
885 1378 51
2473 2389 55
2473 2864 7
1662 3391 17
1662 3751 22
3408 2487 38
3408 2837 70
124 2719 17
124 2811 75
785 218 76
785 3006 79
2110 825 41
2110 1187 61
3119 3362 51
3119 535 20
1378 1539 17
1378 2339 61
2389 1008 76
2389 234 17
2864 3976 47
2864 1776 47
3391 1818 3
3391 2324 14
3751 3766 62
3751 3733 97
2487 175 38
2487 3253 13
2837 2623 43
2837 182 51
2719 3757 91
2719 2348 41
2811 131 42
2811 3652 35
218 2776 51
218 1620 62
3006 2385 61
3006 545 15
825 2078 16
825 3037 65
1187 2896 91
1187 67 47
3362 1700 69
3362 3278 4
535 3957 91
535 2726 32
1539 2149 18
1539 1676 8
2339 1573 11
1115 1700 89
0 1912 0 2415 3454 0 2440 534 0 267 226 2620 3534 2030 2912 3926 3992 2863 3289 1427 3515 1478 3404 0 3094 303 724 1359 0 1860 3151 856 2310 866 2718 3250 1767 1949 0 3557 3536 1890 3872 1633 1199 0 1028 188 931 3611 2076 0 1382 3533 0 0 0 805 651 2479 2007 1453 3281 1197 1404 448 175 2132 2210 0 1805 798 0 2035 0 0 3173 647 1569 0 2397 1552 0 0 0 749 742 0 3111 0 2056 0 3465 0 2798 0 2043 1245 3023 3756 0 3561 3723 1132 1130 0 3550 3707 3695 0 0 2203 3489 0 0 1680 3342 1940 1910 3431 1363 0 0 2110 0 0 875 3470 2577 0 0 1423 1184 2884 3252 2771 392 0 3049 0 1871 1742 0 1256 864 2164 3272 0 201 0 0 1776 779 0 767 3663 1357 2502 0 1772 2055 2464 1647 3212 3359 2211 987 926 2003 3600 0 0 536 3843 67 3808 0 3793 0 0 1123 2487 2716 1768 3995 2639 1377 48 1431 236 1442 499 0 1899 1813 3638 729 1646 1554 1592 149 0 1215 2218 2789 2584 360 0 2373 3097 2736 0 2124 0 2709 2793 0 3757 0 3478 0 3047 0 0 3490 11 0 0 1239 1960 3567 0 1827 3722 842 190 3529 1998 2947 2770 1677 999 1468 3315 3050 0 3935 626 834 1338 1732 0 0 0 362 923 2514 0 3154 3436 0 598 2583 3205 1926 1277 10 781 0 1679 2060 573 0 3510 3542 704 1388 0 3788 1448 835 3356 0 1748 2668 0 0 1204 0 2575 1174 0 3441 627 3719 0 2659 2437 3962 1536 2314 0 26 1547 0 2590 2538 2722 1937 0 1412 0 3279 941 0 3953 0 0 0 3412 1365 3071 2444 2715 1605 0 2472 882 2432 414 2641 2727 3752 2344 0 0 3652 1819 1626 0 3539 2528 2682 3642 3974 0 1424 2070 3298 0 451 799 3763 1025 3037 873 0 0 611 207 3035 255 0 3565 0 1390 656 1651 0 2913 3939 1067 3164 0 1682 3894 915 1467 0 0 2200 1563 2866 0 3496 3334 848 0 0 3246 2803 137 2757 3873 1714 3460 1855 703 3853 0 1179 0 464 747 2857 3469 2384 2481 2105 0 3967 3837 2508 330 3901 3896 1725 1665 3373 500 3743 1831 3750 1658 0 1956 0 2086 3508 0 2064 0 0 2699 0 0 3511 0 2970 462 3708 0 2291 1165 1403 1841 1782 66 1671 0 351 3721 0 2418 912 1011 2549 2318 2020 1410 2632 440 0 403 0 0 859 874 0 0 3863 1348 0 0 1984 0 0 3874 1935 3007 2754 0 0 2087 0 3841 1797 0 0 0 591 1503 0 2909 2433 1739 1275 0 192 420 0 2773 2819 697 0 1309 957 555 1689 3779 1370 0 1564 0 3623 1881 3249 1553 845 1707 3363 0 2244 0 0 1879 0 0 2608 1089 2734 2029 0 8 1676 173 3677 2829 0 3168 0 1964 3322 2775 2149 3121 0 0 1983 2265 3414 935 3647 0 508 0 0 0 0 3859 0 1153 3592 1346 1471 1290 0 3070 0 0 2764 1358 272 3457 3683 0 1622 1263 3393 0 1485 0 3538 1716 1758 1492 1102 0 3977 3753 491 965 3696 1501 3798 691 0 262 1710 0 1228 1420 1514 3528 981 2893 3241 2229 702 0 359 3036 2272 1987 3116 0 2567 0 0 3128 3627 2324 0 2183 2331 248 294 2045 0 1734 0 1327 1644 0 3697 969 2992 3265 3407 1846 1248 1015 0 0 3126 3739 78 0 3045 2784 59 2879 669 1509 1918 367 3691 1194 1097 0 2579 3117 1630 2611 806 3033 3864 0 653 2271 2260 2317 0 0 2622 0 0 2823 2138 0 0 2683 1369 3274 1967 2809 0 0 3427 0 596 0 2914 2386 3484 0 504 3311 1198 2092 3587 609 398 276 1334 2423 865 3011 0 0 2873 1493 0 0 1267 963 0 2724 1159 2852 0 0 0 27 1396 1104 3994 1285 197 0 3144 3002 1752 3096 3890 0 0 1093 0 2420 0 87 0 2831 0 3032 404 3922 86 3664 0 2044 3324 0 2742 891 2545 3938 1713 1803 0 0 0 827 3084 3089 155 2406 0 1274 1402 0 1400 2521 3433 0 2895 1697 153 0 268 0 0 0 2811 1129 1001 0 2783 0 0 0 2392 0 2980 913 0 72 352 2446 1386 3749 3172 2605 58 665 0 3653 0 1687 1192 1660 0 0 3825 3714 3396 0 3812 2270 2269 2206 2720 939 2837 3291 764 2753 3609 0 0 0 0 249 281 3929 0 1512 0 1221 0 235 3190 2320 519 2904 952 387 1786 1708 3140 3422 3001 2571 0 32 3776 1125 467 3618 0 1435 1706 145 707 34 2325 0 3982 2661 0 1320 356 468 127 3320 0 3024 2890 3227 1106 328 3106 0 0 1608 3003 3748 2091 2198 756 3991 3698 2999 3702 3010 0 1180 2820 3867 3545 3210 1094 2702 0 2156 0 1635 0 3492 2169 455 796 1460 377 0 2566 0 1733 2282 2434 2969 256 2595 1474 168 2179 1443 3201 0 49 3104 3958 1690 552 0 3355 3162 824 2706 314 0 3564 0 972 1430 0 0 1040 0 3332 847 1891 1693 3981 1518 507 3137 0 0 3892 1513 716 3256 592 3772 3732 3328 636 2127 0 945 2237 3631 0 1126 3860 0 1808 2892 605 3043 0 0 2871 0 167 3498 3630 0 0 2511 3091 0 0 0 3791 0 242 0 787 2421 0 3742 1505 3672 2411 2623 3821 0 456 1981 2399 0 642 2285 2658 2536 0 0 2604 0 1243 0 354 0 3637 47 0 2480 2808 0 1212 3546 1740 2158 1789 1666 0 949 0 3906 0 2255 0 3423 0 3280 1838 0 1368 0 3382 1809 3198 0 2686 0 0 0 2295 0 1185 2240 2615 0 372 0 1982 0 0 1356 0 1312 2929 0 2885 3350 3148 1227 1446 1917 1133 0 2371 0 1251 2488 530 1800 2321 2932 738 903 3261 1961 659 0 3014 0 3887 587 0 726 0 881 3771 2663 0 1683 0 1162 3987 1254 0 0 1523 1220 3831 2830 3591 3310 181 1730 858 976 1932 1938 786 105 3833 104 1083 2093 0 0 2539 2159 3312 1343 2304 1999 2125 3494 2452 3524 1371 0 1281 3512 1585 3183 562 3413 0 2653 2523 2214 719 2887 1674 1112 2387 2268 444 0 3636 1950 0 0 1574 0 3915 291 1444 0 3402 3181 401 898 3960 1273 2859 133 1063 2115 2776 1589 2174 1718 2532 811 2625 658 2407 0 64 699 45 3789 0 1237 0 288 0 0 0 1712 0 2806 2923 1033 1332 1383 203 1445 3625 3689 3397 1118 840 0 0 2600 0 2162 1080 601 0 0 3955 0 1649 2283 0 3398 1202 1270 229 3367 3876 3740 1023 2572 98 3976 3553 641 2869 0 1087 1566 3390 1114 3621 144 0 3349 2017 1487 0 2100 578 2233 0 3986 715 0 3972 1238 3432 2212 1182 770 497 1670 266 0 1579 3905 1149 0 1439 2853 728 1315 0 1856 3717 566 0 1317 2249 1868 2157 3690 2751 2692 2976 1974 0 0 2042 3969 1691 1340 2161 3891 506 1463 0 1074 0 0 1286 0 1292 1325 2424 872 3950 2759 3379 2676 1318 1337 632 0 0 1458 0 1213 0 705 2767 0 1326 250 0 1306 2054 0 1140 0 0 564 0 472 0 2758 1924 2698 0 0 2983 1072 157 572 28 1391 1609 2666 121 2090 321 3017 0 1051 683 511 1147 0 0 2669 0 3365 187 0 2294 3942 3150 53 1214 2921 2469 801 1715 277 1637 366 1360 0 2876 3031 1543 725 2141 0 0 773 2144 771 445 65 0 0 2419 0 0 460 0 311 1988 0 3054 0 3724 1830 0 602 0 0 132 347 3196 3287 20 2982 3865 946 189 2886 2009 0 862 1655 1578 3844 1283 2927 1675 191 928 1175 1216 1081 0 280 1588 1836 1909 1794 62 3635 3442 3909 3013 1330 1559 914 0 3800 1310 3445 0 2959 378 243 2288 3993 565 2805 3361 925 3761 1944 2646 22 0 3474 2185 0 3109 2435 581 1621 1260 1812 2417 2281 2334 586 712 3754 0 2580 3720 1643 2860 0 594 2461 492 0 1005 2038 0 0 654 3088 2099 838 962 603 0 2369 0 956 2033 1765 3103 2246 1117 2990 0 3781 0 0 2606 3345 1576 1550 2907 2558 3639 300 2498 2089 2726 3358 3504 0 1395 2946 3240 3948 304 1874 2478 1532 1861 82 518 199 3773 2739 2901 0 1459 0 0 2077 382 513 0 1252 0 0 79 1883 3849 0 0 1171 3440 1531 2781 1437 1279 2293 0 2644 0 3857 1151 3309 0 1449 1188 0 0 200 0 3399 2429 0 3681 0 0 2916 3267 0 2235 2074 325 0 0 886 1361 0 2351 1859 2594 3354 2315 0 3444 3622 2741 0 1486 577 0 2777 0 339 0 2599 0 663 1787 0 44 1638 908 1798 1389 1634 0 3866 0 0 1498 633 0 198 163 0 1233 1993 368 1925 3570 0 1436 0 0 424 3152 812 2841 3408 3861 2456 418 1038 1853 2636 2624 1276 449 3661 3782 1161 1441 535 241 0 270 116 2867 375 1110 0 0 0 810 1826 509 934 1305 0 954 0 3964 3778 778 0 0 0 3410 0 2585 3368 1994 863 520 850 3245 599 3920 1208 759 395 1387 584 1837 1190 0 2322 3042 2557 0 0 417 2180 2412 2047 1990 1124 0 251 919 630 0 2626 2114 3307 496 1035 3513 142 1908 2513 0 2544 3644 284 0 3055 0 733 2307 2496 3409 3693 3540 585 2413 0 3923 3080 3895 0 1520 0 37 184 1957 2693 3903 160 2631 1905 2813 152 0 3230 3348 3456 3208 447 2356 0 2981 849 1631 2891 1037 3734 2477 2768 3633 1452 2187 0 487 1636 3135 1090 2862 0 760 1985 71 2505 3171 979 1054 0 2028 1488 195 0 0 0 0 3253 338 2123 3586 0 0 2474 2883 1688 233 0 2147 1418 422 0 2985 1848 0 1450 1717 1049 3643 0 446 3535 2385 0 2049 640 2779 1834 3606 2154 2360 0 1667 2025 397 1288 0 0 1612 30 1551 0 3581 2833 3774 0 0 1294 3294 0 141 3076 3041 1548 1969 3142 3459 2785 526 0 516 3980 1570 2172 2565 3897 3377 0 2750 42 953 2621 2002 3092 0 2104 3770 3803 194 2040 0 2377 2548 0 1774 3337 0 1743 1451 119 0 2 2780 3038 2011 0 1082 655 0 2171 3209 0 0 1351 1652 265 0 3477 0 2849 2354 1127 2189 2069 479 2801 309 1128 3385 118 3973 0 0 1476 0 0 2963 0 38 1168 2707 3728 0 3729 2168 426 1769 3231 3184 230 1096 3928 0 542 0 0 685 1976 1875 3075 3537 2153 0 1300 0 1968 0 0 3300 2560 1012 1069 549 475 1804 3211 614 1413 3783 1729 2961 2618 1650 1705 0 0 2484 238 1142 3589 3679 1893 169 3048 0 0 61 2748 1433 2881 1915 0 3733 3180 2968 3713 1259 2761 2832 459 0 3185 0 3820 1854 3079 2928 1811 532 14 0 0 1519 0 74 3273 0 1506 0 1900 2155 1303 97 752 628 0 1728 0 1845 0 0 0 3257 1341 161 91 2379 2553 2438 271 0 2409 3406 431 2596 2299 2119 2134 1934 348 0 2328 0 1604 0 51 1562 0 3626 0 3959 0 2152 2987 0 428 484 0 1538 1364 889 700 1134 0 2239 2843 2341 0 1511 1262 0 2280 3908 1896 409 3419 2426 3418 0 124 0 2258 2353 1737 1186 3566 0 0 2067 2721 2199 2485 1820 213 1143 2711 970 0 3293 0 0 68 3941 2068 0 0 0 679 0 0 1397 2655 3547 1401 3147 3236 1829 3083 545 2332 0 2083 1972 1850 2041 906 1295 1036 1138 0 1307 1226 0 146 2367 0 3703 1955 911 0 1920 1884 3879 1189 2493 0 3110 3421 927 1726 0 3177 624 2570 1481 2537 1795 3447 1933 3921 0 0 0 2760 2848 3956 0 890 2121 381 2988 0 112 3989 3052 822 2425 0 2509 69 166 1272 2445 1158 0 2725 0 204 0 2470 2874 3034 2749 0 2814 0 2465 3296 608 0 0 2690 1264 0 1603 0 973 0 2095 1064 3755 3012 2400 523 3900 1522 0 0 1293 3242 3852 2967 0 3971 1044 0 2627 2112 0 671 0 3029 0 3458 550 2381 0 1164 821 820 670 613 0 0 2305 0 3880 3112 0 2102 1490 920 1234 2656 1016 2340 3255 1469 0 0 443 0 1580 1379 1061 2824 0 3141 2066 2453 0 2637 0 1141 2275 3675 1753 0 2450 33 0 0 2807 301 1615 3215 672 458 3040 844 1091 1720 0 622 867 3718 0 2072 3149 0 625 2150 2949 1491 0 0 0 3687 2896 2286 2097 0 0 334 0 3395 0 3784 3552 2815 1611 3699 2113 1931 0 1783 3847 3306 2554 1851 0 3794 2769 0 0 2519 2165 0 1516 0 1085 0 209 0 0 0 1902 2918 2057 3476 2266 3335 0 407 1843 694 1163 2915 3160 2648 0 793 0 0 3597 0 81 3505 1013 2243 0 2589 0 3634 0 768 1195 0 2062 3247 1007 1727 1759 3192 4 2788 1489 454 1407 740 1002 2986 706 1319 2207 2107 3157 0 1595 0 2979 329 495 921 1484 3907 298 2059 0 7 0 0 0 323 2213 800 0 0 0 2309 0 1145 2300 0 0 1664 3057 3532 0 2960 1502 3614 3952 162 2227 3845 0 2763 1385 2220 3651 327 3654 1824 0 3336 1791 1549 60 1030 408 3113 3222 1997 2122 3018 182 1088 3207 3666 3182 0 2175 2607 2888 1754 3850 1537 0 3259 0 158 2547 3506 1806 2945 2647 413 2209 0 992 3842 1744 257 2559 0 0 0 2366 3179 774 0 1157 3711 0 2984 3243 342 3730 0 2602 1191 0 0 3568 1018 2186 307 1137 3851 3525 0 3130 1746 757 3665 2503 1903 457 0 3945 2994 2058 2359 2574 2902 1722 1534 2515 1980 3582 0 3970 3673 1885 917 617 3884 0 2184 854 1244 3449 2555 290 2578 129 2576 661 1496 0 3297 263 206 1703 0 0 0 2402 306 0 0 0 1613 924 2065 2989 3284 1628 1224 3416 2531 0 1021 804 1529 2494 529 0 2977 664 0 2936 3145 1065 0 3005 1992 2697 12 1892 675 1008 1669 1193 1736 2257 0 3068 3486 1773 461 3053 0 0 1668 2302 2818 186 3916 331 0 2688 1582 3426 1477 2507 2390 3787 0 3118 0 1156 0 2142 2284 0 1017 297 0 870 2762 1108 2978 3223 1362 0 285 1374 0 0 0 3340 3559 0 1324 3590 0 3736 0 0 343 682 3074 0 1057 3438 2643 0 2232 0 1298 1770 0 0 2729 2619 1352 434 3098 3129 904 2919 0 3658 940 1951 3829 215 3133 2126 0 2856 2794 324 183 3785 35 0 823 2120 308 0 718 2216 1539 332 3840 2696 0 3584 3264 0 531 3485 211 3961 0 1556 0 1619 755 0 3127 0 3846 3099 2008 2223 1889 1297 0 828 481 3802 0 393 1350 1322 2194 2018 2662 2468 571 3682 0 1335 1792 2363 240 136 3318 502 3790 544 1187 1624 0 1847 1913 1577 0 789 650 1878 0 0 2416 205 0 0 0 216 2714 0 3333 0 95 0 0 1936 0 391 0 1472 1210 2313 1031 686 3685 785 0 1775 2225 2350 0 3818 2638 503 899 3737 3822 678 2296 3548 3313 0 3124 538 1120 744 2019 1864 0 0 0 825 0 0 3132 1661 0 2096 0 3392 0 0 2195 1930 3352 0 720 1284 0 3357 2713 405 3667 1183 1499 3745 1801 18 3401 2925 383 1681 3583 1249 3326 985 0 711 2221 0 1393 3655 0 652 3827 2010 2996 1825 134 1077 1432 1160 2495 0 879 1788 980 606 0 777 2339 0 3435 0 3617 1557 2556 3483 846 0 3869 1533 0 494 0 0 15 370 693 2388 1600 0 2378 2703 3610 1384 3016 1211 3482 2865 3604 1440 2027 1075 3446 0 1092 0 0 3878 2613 3996 0 3383 3200 0 0 3715 0 2506 1544 239 3218 2333 0 0 0 0 0 3415 0 0 3439 1466 2460 1991 0 1947 0 3428 0 2252 2015 922 439 0 0 3744 3290 3448 1299 2610 2664 2431 795 1785 1428 1355 2526 1833 2422 2084 2201 2597 1524 0 637 0 2552 0 2882 3612 0 894 0 853 732 887 3308 2617 0 480 0 3376 896 708 2242 1457 1099 0 2922 1366 2486 0 0 3346 3078 99 878 3549 0 0 0 2262 0 1394 746 666 2222 361 612 355 1914 0 2319 1873 1721 982 0 649 3805 222 2004 139 245 0 2205 2633 1415 1750 0 2457 3738 3826 0 0 3780 0 0 0 0 0 2629 3085 568 322 0 3556 2684 1970 1872 3668 3022 2026 1762 0 0 2148 765 3069 0 0 1510 766 0 993 1894 0 25 0 734 210 2700 2747 3686 3628 3325 1521 932 0 883 0 3913 1483 2177 89 2278 2482 0 0 615 662 2651 0 0 546 3656 0 2828 0 645 2744 620 2701 2543 0 2840 2710 3213 1799 0 958 0 0 851 2298 1876 0 731 2614 3495 2145 1079 2329 1381 31 1659 3493 259 3807 0 2427 0 3828 2389 0 938 0 373 0 0 0 540 0 0 1807 803 77 0 3769 0 2182 0 2520 2014 1178 2491 1152 1959 2022 0 0 3331 3978 843 3930 2414 3767 0 0 1425 0 1055 0 2940 929 0 0 0 264 3893 2489 1781 1921 902 1986 164 3134 0 2316 0 3475 2948 3641 0 0 2483 2665 0 0 0 880 0 0 1778 1958 0 0 3608 0 2146 0 0 0 1545 607 2250 2527 3527 1709 390 2410 0 517 36 0 135 1818 0 2287 964 2053 0 2500 0 1095 3832 3509 2732 638 0 1601 0 0 0 0 147 2036 684 0 3481 0 3957 313 1048 63 3468 0 2598 3578 0 1426 0 19 2974 826 3979 2129 1869 0 2228 2582 349 0 1979 0 0 3461 0 0 2358 1738 3004 1586 1122 698 1139 2826 3870 244 0 0 2772 0 876 0 543 0 753 3102 2870 3660 968 0 0 3188 951 2796 386 2382 2476 1906 3786 3883 2673 0 117 0 3944 1530 3021 3940 1779 1258 1078 0 2850 0 1614 937 282 2855 1540 165 0 1473 0 521 0 1376 0 1240 1704 0 0 0 0 419 0 3424 3009 1887 3694 1323 0 0 1053 2939 0 1939 0 3499 0 0 1253 0 2845 579 0 2346 817 1219 1236 1594 0 2864 1177 0 23 0 2063 639 1662 1755 1701 0 320 1154 551 2955 2601 0 2108 2106 0 2178 852 1046 3375 0 2645 689 2965 0 0 120 1271 775 0 2898 260 0 2687 2958 1575 293 1455 0 1617 1464 2930 2188 2975 2573 0 3838 0 0 5 0 1780 574 2264 1877 396 3303 0 0 0 93 0 0 3282 406 128 3501 0 0 1480 3217 2380 1928 220 0 0 3276 2924 2903 695 2735 2630 3834 0 113 225 3726 910 3153 1144 3146 385 0 988 3387 0 3471 0 0 1541 2398 2504 3816 429 3263 274 437 1150 1741 0 21 0 0 0 0 0 0 0 0 1146 2541 0 3244 604 237 0 0 2458 54 13 1842 41 1971 583 341 1757 0 275 0 0 901 1034 2143 2825 3025 107 0 2349 1247 0 0 3073 40 0 2674 0 102 3605 0 943 364 2116 231 2535 0 1653 3855 0 0 3684 3768 0 0 3285 0 0 1863 2561 2868 2731 0 1821 701 0 2000 2677 1121 563 0 0 3810 3806 2395 0 0 170 0 0 0 2926 3562 1849 0 3234 829 2920 50 2997 3671 2462 0 0 2900 860 3835 0 1255 1618 515 0 1217 2079 621 3101 0 989 974 0 1793 2404 1454 1167 1027 196 1535 0 3219 344 1839 1747 0 0 553 0 0 0 2471 337 808 2473 2877 3122 0 2705 3705 3327 1672 0 156 750 2546 2490 2858 3077 0 0 3613 1006 2564 0 2306 0 537 0 2001 0 1597 2765 575 3574 2810 3100 2338 0 1218 1296 657 0 1756 3378 109 593 635 893 2352 0 0 895 2167 0 3659 0 108 441 0 0 2524 0 2016 816 2943 3741 1289 2326 295 1497 452 234 103 1417 3856 3491 0 1952 1954 2529 0 967 2013 1790 0 2679 2821 3058 646 1242 3716 1004 421 2973 2861 0 0 888 802 423 0 333 590 1494 2241 100 218 0 0 0 1475 3910 353 0 0 0 3193 3575 3175 1897 1107 966 1555 1865 0 857 0 1696 510 3062 1526 1673 1989 2348 2717 3338 2649 279 1200 2774 997 0 178 2362 0 3899 0 595 0 1462 0 2755 1898 0 3046 3596 3155 176 0 3595 0 819 0 0 0 3507 0 2817 0 2024 1009 2822 0 0 815 3059 2880 3159 2708 0 1119 3262 1131 3487 3619 0 412 3451 0 2728 486 2512 174 1438 2466 2746 2357 0 1571 2497 2540 2251 399 0 3571 3725 1584 0 560 977 1663 0 471 667 1429 1640 900 0 2906 3314 0 43 394 478 0 1241 0 2935 2173 2277 0 3954 3339 2568 0 0 1101 0 0 735 1308 961 3206 376 1763 416 1886 0 3796 2245 415 0 1771 0 1280 1042 2436 2103 1456 3762 0 0 3108 0 1173 2640 0 3947 0 1711 2190 748 1761 0 0 16 0 1962 836 3191 0 0 0 0 247 0 0 758 371 3347 2133 1380 0 3344 2551 0 3918 1546 0 1321 0 2463 316 3882 1231 2196 3278 933 2081 1181 2737 299 0 1695 0 0 411 0 1304 2563 2254 1269 1941 345 0 1246 589 3189 3292 1882 955 869 0 0 0 1266 1113 0 2204 0 892 17 1470 727 185 2937
