E
100
46 47 44 45 50 51 48 49 58 59 56 57 42 43 40 41 54 55 52 53 66 67 64 65 70 71 68 69 78 79 76 77 62 63 60 61 74 75 72 73 86 87 84 85 90 91 88 89 98 99 96 97 82 83 80 81 94 95 92 93 6 7 4 5 10 11 8 9 18 19 16 17 2 3 0 1 14 15 12 13 26 27 24 25 30 31 28 29 38 39 36 37 22 23 20 21 34 35 32 33
47 46 45 44 51 50 49 48 59 58 57 56 43 42 41 40 55 54 53 52 67 66 65 64 71 70 69 68 79 78 77 76 63 62 61 60 75 74 73 72 87 86 85 84 91 90 89 88 99 98 97 96 83 82 81 80 95 94 93 92 7 6 5 4 11 10 9 8 19 18 17 16 3 2 1 0 15 14 13 12 27 26 25 24 31 30 29 28 39 38 37 36 23 22 21 20 35 34 33 32
44 45 46 47 48 49 50 51 56 57 58 59 40 41 42 43 52 53 54 55 64 65 66 67 68 69 70 71 76 77 78 79 60 61 62 63 72 73 74 75 84 85 86 87 88 89 90 91 96 97 98 99 80 81 82 83 92 93 94 95 4 5 6 7 8 9 10 11 16 17 18 19 0 1 2 3 12 13 14 15 24 25 26 27 28 29 30 31 36 37 38 39 20 21 22 23 32 33 34 35
45 44 47 46 49 48 51 50 57 56 59 58 41 40 43 42 53 52 55 54 65 64 67 66 69 68 71 70 77 76 79 78 61 60 63 62 73 72 75 74 85 84 87 86 89 88 91 90 97 96 99 98 81 80 83 82 93 92 95 94 5 4 7 6 9 8 11 10 17 16 19 18 1 0 3 2 13 12 15 14 25 24 27 26 29 28 31 30 37 36 39 38 21 20 23 22 33 32 35 34
50 51 48 49 58 59 56 57 54 55 52 53 46 47 44 45 42 43 40 41 70 71 68 69 78 79 76 77 74 75 72 73 66 67 64 65 62 63 60 61 90 91 88 89 98 99 96 97 94 95 92 93 86 87 84 85 82 83 80 81 10 11 8 9 18 19 16 17 14 15 12 13 6 7 4 5 2 3 0 1 30 31 28 29 38 39 36 37 34 35 32 33 26 27 24 25 22 23 20 21
51 50 49 48 59 58 57 56 55 54 53 52 47 46 45 44 43 42 41 40 71 70 69 68 79 78 77 76 75 74 73 72 67 66 65 64 63 62 61 60 91 90 89 88 99 98 97 96 95 94 93 92 87 86 85 84 83 82 81 80 11 10 9 8 19 18 17 16 15 14 13 12 7 6 5 4 3 2 1 0 31 30 29 28 39 38 37 36 35 34 33 32 27 26 25 24 23 22 21 20
48 49 50 51 56 57 58 59 52 53 54 55 44 45 46 47 40 41 42 43 68 69 70 71 76 77 78 79 72 73 74 75 64 65 66 67 60 61 62 63 88 89 90 91 96 97 98 99 92 93 94 95 84 85 86 87 80 81 82 83 8 9 10 11 16 17 18 19 12 13 14 15 4 5 6 7 0 1 2 3 28 29 30 31 36 37 38 39 32 33 34 35 24 25 26 27 20 21 22 23
49 48 51 50 57 56 59 58 53 52 55 54 45 44 47 46 41 40 43 42 69 68 71 70 77 76 79 78 73 72 75 74 65 64 67 66 61 60 63 62 89 88 91 90 97 96 99 98 93 92 95 94 85 84 87 86 81 80 83 82 9 8 11 10 17 16 19 18 13 12 15 14 5 4 7 6 1 0 3 2 29 28 31 30 37 36 39 38 33 32 35 34 25 24 27 26 21 20 23 22
58 59 56 57 54 55 52 53 42 43 40 41 50 51 48 49 46 47 44 45 78 79 76 77 74 75 72 73 62 63 60 61 70 71 68 69 66 67 64 65 98 99 96 97 94 95 92 93 82 83 80 81 90 91 88 89 86 87 84 85 18 19 16 17 14 15 12 13 2 3 0 1 10 11 8 9 6 7 4 5 38 39 36 37 34 35 32 33 22 23 20 21 30 31 28 29 26 27 24 25
59 58 57 56 55 54 53 52 43 42 41 40 51 50 49 48 47 46 45 44 79 78 77 76 75 74 73 72 63 62 61 60 71 70 69 68 67 66 65 64 99 98 97 96 95 94 93 92 83 82 81 80 91 90 89 88 87 86 85 84 19 18 17 16 15 14 13 12 3 2 1 0 11 10 9 8 7 6 5 4 39 38 37 36 35 34 33 32 23 22 21 20 31 30 29 28 27 26 25 24
56 57 58 59 52 53 54 55 40 41 42 43 48 49 50 51 44 45 46 47 76 77 78 79 72 73 74 75 60 61 62 63 68 69 70 71 64 65 66 67 96 97 98 99 92 93 94 95 80 81 82 83 88 89 90 91 84 85 86 87 16 17 18 19 12 13 14 15 0 1 2 3 8 9 10 11 4 5 6 7 36 37 38 39 32 33 34 35 20 21 22 23 28 29 30 31 24 25 26 27
57 56 59 58 53 52 55 54 41 40 43 42 49 48 51 50 45 44 47 46 77 76 79 78 73 72 75 74 61 60 63 62 69 68 71 70 65 64 67 66 97 96 99 98 93 92 95 94 81 80 83 82 89 88 91 90 85 84 87 86 17 16 19 18 13 12 15 14 1 0 3 2 9 8 11 10 5 4 7 6 37 36 39 38 33 32 35 34 21 20 23 22 29 28 31 30 25 24 27 26
42 43 40 41 46 47 44 45 50 51 48 49 54 55 52 53 58 59 56 57 62 63 60 61 66 67 64 65 70 71 68 69 74 75 72 73 78 79 76 77 82 83 80 81 86 87 84 85 90 91 88 89 94 95 92 93 98 99 96 97 2 3 0 1 6 7 4 5 10 11 8 9 14 15 12 13 18 19 16 17 22 23 20 21 26 27 24 25 30 31 28 29 34 35 32 33 38 39 36 37
43 42 41 40 47 46 45 44 51 50 49 48 55 54 53 52 59 58 57 56 63 62 61 60 67 66 65 64 71 70 69 68 75 74 73 72 79 78 77 76 83 82 81 80 87 86 85 84 91 90 89 88 95 94 93 92 99 98 97 96 3 2 1 0 7 6 5 4 11 10 9 8 15 14 13 12 19 18 17 16 23 22 21 20 27 26 25 24 31 30 29 28 35 34 33 32 39 38 37 36
40 41 42 43 44 45 46 47 48 49 50 51 52 53 54 55 56 57 58 59 60 61 62 63 64 65 66 67 68 69 70 71 72 73 74 75 76 77 78 79 80 81 82 83 84 85 86 87 88 89 90 91 92 93 94 95 96 97 98 99 0 1 2 3 4 5 6 7 8 9 10 11 12 13 14 15 16 17 18 19 20 21 22 23 24 25 26 27 28 29 30 31 32 33 34 35 36 37 38 39
41 40 43 42 45 44 47 46 49 48 51 50 53 52 55 54 57 56 59 58 61 60 63 62 65 64 67 66 69 68 71 70 73 72 75 74 77 76 79 78 81 80 83 82 85 84 87 86 89 88 91 90 93 92 95 94 97 96 99 98 1 0 3 2 5 4 7 6 9 8 11 10 13 12 15 14 17 16 19 18 21 20 23 22 25 24 27 26 29 28 31 30 33 32 35 34 37 36 39 38
54 55 52 53 42 43 40 41 46 47 44 45 58 59 56 57 50 51 48 49 74 75 72 73 62 63 60 61 66 67 64 65 78 79 76 77 70 71 68 69 94 95 92 93 82 83 80 81 86 87 84 85 98 99 96 97 90 91 88 89 14 15 12 13 2 3 0 1 6 7 4 5 18 19 16 17 10 11 8 9 34 35 32 33 22 23 20 21 26 27 24 25 38 39 36 37 30 31 28 29
55 54 53 52 43 42 41 40 47 46 45 44 59 58 57 56 51 50 49 48 75 74 73 72 63 62 61 60 67 66 65 64 79 78 77 76 71 70 69 68 95 94 93 92 83 82 81 80 87 86 85 84 99 98 97 96 91 90 89 88 15 14 13 12 3 2 1 0 7 6 5 4 19 18 17 16 11 10 9 8 35 34 33 32 23 22 21 20 27 26 25 24 39 38 37 36 31 30 29 28
52 53 54 55 40 41 42 43 44 45 46 47 56 57 58 59 48 49 50 51 72 73 74 75 60 61 62 63 64 65 66 67 76 77 78 79 68 69 70 71 92 93 94 95 80 81 82 83 84 85 86 87 96 97 98 99 88 89 90 91 12 13 14 15 0 1 2 3 4 5 6 7 16 17 18 19 8 9 10 11 32 33 34 35 20 21 22 23 24 25 26 27 36 37 38 39 28 29 30 31
53 52 55 54 41 40 43 42 45 44 47 46 57 56 59 58 49 48 51 50 73 72 75 74 61 60 63 62 65 64 67 66 77 76 79 78 69 68 71 70 93 92 95 94 81 80 83 82 85 84 87 86 97 96 99 98 89 88 91 90 13 12 15 14 1 0 3 2 5 4 7 6 17 16 19 18 9 8 11 10 33 32 35 34 21 20 23 22 25 24 27 26 37 36 39 38 29 28 31 30
66 67 64 65 70 71 68 69 78 79 76 77 62 63 60 61 74 75 72 73 86 87 84 85 90 91 88 89 98 99 96 97 82 83 80 81 94 95 92 93 6 7 4 5 10 11 8 9 18 19 16 17 2 3 0 1 14 15 12 13 26 27 24 25 30 31 28 29 38 39 36 37 22 23 20 21 34 35 32 33 46 47 44 45 50 51 48 49 58 59 56 57 42 43 40 41 54 55 52 53
67 66 65 64 71 70 69 68 79 78 77 76 63 62 61 60 75 74 73 72 87 86 85 84 91 90 89 88 99 98 97 96 83 82 81 80 95 94 93 92 7 6 5 4 11 10 9 8 19 18 17 16 3 2 1 0 15 14 13 12 27 26 25 24 31 30 29 28 39 38 37 36 23 22 21 20 35 34 33 32 47 46 45 44 51 50 49 48 59 58 57 56 43 42 41 40 55 54 53 52
64 65 66 67 68 69 70 71 76 77 78 79 60 61 62 63 72 73 74 75 84 85 86 87 88 89 90 91 96 97 98 99 80 81 82 83 92 93 94 95 4 5 6 7 8 9 10 11 16 17 18 19 0 1 2 3 12 13 14 15 24 25 26 27 28 29 30 31 36 37 38 39 20 21 22 23 32 33 34 35 44 45 46 47 48 49 50 51 56 57 58 59 40 41 42 43 52 53 54 55
65 64 67 66 69 68 71 70 77 76 79 78 61 60 63 62 73 72 75 74 85 84 87 86 89 88 91 90 97 96 99 98 81 80 83 82 93 92 95 94 5 4 7 6 9 8 11 10 17 16 19 18 1 0 3 2 13 12 15 14 25 24 27 26 29 28 31 30 37 36 39 38 21 20 23 22 33 32 35 34 45 44 47 46 49 48 51 50 57 56 59 58 41 40 43 42 53 52 55 54
70 71 68 69 78 79 76 77 74 75 72 73 66 67 64 65 62 63 60 61 90 91 88 89 98 99 96 97 94 95 92 93 86 87 84 85 82 83 80 81 10 11 8 9 18 19 16 17 14 15 12 13 6 7 4 5 2 3 0 1 30 31 28 29 38 39 36 37 34 35 32 33 26 27 24 25 22 23 20 21 50 51 48 49 58 59 56 57 54 55 52 53 46 47 44 45 42 43 40 41
71 70 69 68 79 78 77 76 75 74 73 72 67 66 65 64 63 62 61 60 91 90 89 88 99 98 97 96 95 94 93 92 87 86 85 84 83 82 81 80 11 10 9 8 19 18 17 16 15 14 13 12 7 6 5 4 3 2 1 0 31 30 29 28 39 38 37 36 35 34 33 32 27 26 25 24 23 22 21 20 51 50 49 48 59 58 57 56 55 54 53 52 47 46 45 44 43 42 41 40
68 69 70 71 76 77 78 79 72 73 74 75 64 65 66 67 60 61 62 63 88 89 90 91 96 97 98 99 92 93 94 95 84 85 86 87 80 81 82 83 8 9 10 11 16 17 18 19 12 13 14 15 4 5 6 7 0 1 2 3 28 29 30 31 36 37 38 39 32 33 34 35 24 25 26 27 20 21 22 23 48 49 50 51 56 57 58 59 52 53 54 55 44 45 46 47 40 41 42 43
69 68 71 70 77 76 79 78 73 72 75 74 65 64 67 66 61 60 63 62 89 88 91 90 97 96 99 98 93 92 95 94 85 84 87 86 81 80 83 82 9 8 11 10 17 16 19 18 13 12 15 14 5 4 7 6 1 0 3 2 29 28 31 30 37 36 39 38 33 32 35 34 25 24 27 26 21 20 23 22 49 48 51 50 57 56 59 58 53 52 55 54 45 44 47 46 41 40 43 42
78 79 76 77 74 75 72 73 62 63 60 61 70 71 68 69 66 67 64 65 98 99 96 97 94 95 92 93 82 83 80 81 90 91 88 89 86 87 84 85 18 19 16 17 14 15 12 13 2 3 0 1 10 11 8 9 6 7 4 5 38 39 36 37 34 35 32 33 22 23 20 21 30 31 28 29 26 27 24 25 58 59 56 57 54 55 52 53 42 43 40 41 50 51 48 49 46 47 44 45
79 78 77 76 75 74 73 72 63 62 61 60 71 70 69 68 67 66 65 64 99 98 97 96 95 94 93 92 83 82 81 80 91 90 89 88 87 86 85 84 19 18 17 16 15 14 13 12 3 2 1 0 11 10 9 8 7 6 5 4 39 38 37 36 35 34 33 32 23 22 21 20 31 30 29 28 27 26 25 24 59 58 57 56 55 54 53 52 43 42 41 40 51 50 49 48 47 46 45 44
76 77 78 79 72 73 74 75 60 61 62 63 68 69 70 71 64 65 66 67 96 97 98 99 92 93 94 95 80 81 82 83 88 89 90 91 84 85 86 87 16 17 18 19 12 13 14 15 0 1 2 3 8 9 10 11 4 5 6 7 36 37 38 39 32 33 34 35 20 21 22 23 28 29 30 31 24 25 26 27 56 57 58 59 52 53 54 55 40 41 42 43 48 49 50 51 44 45 46 47
77 76 79 78 73 72 75 74 61 60 63 62 69 68 71 70 65 64 67 66 97 96 99 98 93 92 95 94 81 80 83 82 89 88 91 90 85 84 87 86 17 16 19 18 13 12 15 14 1 0 3 2 9 8 11 10 5 4 7 6 37 36 39 38 33 32 35 34 21 20 23 22 29 28 31 30 25 24 27 26 57 56 59 58 53 52 55 54 41 40 43 42 49 48 51 50 45 44 47 46
62 63 60 61 66 67 64 65 70 71 68 69 74 75 72 73 78 79 76 77 82 83 80 81 86 87 84 85 90 91 88 89 94 95 92 93 98 99 96 97 2 3 0 1 6 7 4 5 10 11 8 9 14 15 12 13 18 19 16 17 22 23 20 21 26 27 24 25 30 31 28 29 34 35 32 33 38 39 36 37 42 43 40 41 46 47 44 45 50 51 48 49 54 55 52 53 58 59 56 57
63 62 61 60 67 66 65 64 71 70 69 68 75 74 73 72 79 78 77 76 83 82 81 80 87 86 85 84 91 90 89 88 95 94 93 92 99 98 97 96 3 2 1 0 7 6 5 4 11 10 9 8 15 14 13 12 19 18 17 16 23 22 21 20 27 26 25 24 31 30 29 28 35 34 33 32 39 38 37 36 43 42 41 40 47 46 45 44 51 50 49 48 55 54 53 52 59 58 57 56
60 61 62 63 64 65 66 67 68 69 70 71 72 73 74 75 76 77 78 79 80 81 82 83 84 85 86 87 88 89 90 91 92 93 94 95 96 97 98 99 0 1 2 3 4 5 6 7 8 9 10 11 12 13 14 15 16 17 18 19 20 21 22 23 24 25 26 27 28 29 30 31 32 33 34 35 36 37 38 39 40 41 42 43 44 45 46 47 48 49 50 51 52 53 54 55 56 57 58 59
61 60 63 62 65 64 67 66 69 68 71 70 73 72 75 74 77 76 79 78 81 80 83 82 85 84 87 86 89 88 91 90 93 92 95 94 97 96 99 98 1 0 3 2 5 4 7 6 9 8 11 10 13 12 15 14 17 16 19 18 21 20 23 22 25 24 27 26 29 28 31 30 33 32 35 34 37 36 39 38 41 40 43 42 45 44 47 46 49 48 51 50 53 52 55 54 57 56 59 58
74 75 72 73 62 63 60 61 66 67 64 65 78 79 76 77 70 71 68 69 94 95 92 93 82 83 80 81 86 87 84 85 98 99 96 97 90 91 88 89 14 15 12 13 2 3 0 1 6 7 4 5 18 19 16 17 10 11 8 9 34 35 32 33 22 23 20 21 26 27 24 25 38 39 36 37 30 31 28 29 54 55 52 53 42 43 40 41 46 47 44 45 58 59 56 57 50 51 48 49
75 74 73 72 63 62 61 60 67 66 65 64 79 78 77 76 71 70 69 68 95 94 93 92 83 82 81 80 87 86 85 84 99 98 97 96 91 90 89 88 15 14 13 12 3 2 1 0 7 6 5 4 19 18 17 16 11 10 9 8 35 34 33 32 23 22 21 20 27 26 25 24 39 38 37 36 31 30 29 28 55 54 53 52 43 42 41 40 47 46 45 44 59 58 57 56 51 50 49 48
72 73 74 75 60 61 62 63 64 65 66 67 76 77 78 79 68 69 70 71 92 93 94 95 80 81 82 83 84 85 86 87 96 97 98 99 88 89 90 91 12 13 14 15 0 1 2 3 4 5 6 7 16 17 18 19 8 9 10 11 32 33 34 35 20 21 22 23 24 25 26 27 36 37 38 39 28 29 30 31 52 53 54 55 40 41 42 43 44 45 46 47 56 57 58 59 48 49 50 51
73 72 75 74 61 60 63 62 65 64 67 66 77 76 79 78 69 68 71 70 93 92 95 94 81 80 83 82 85 84 87 86 97 96 99 98 89 88 91 90 13 12 15 14 1 0 3 2 5 4 7 6 17 16 19 18 9 8 11 10 33 32 35 34 21 20 23 22 25 24 27 26 37 36 39 38 29 28 31 30 53 52 55 54 41 40 43 42 45 44 47 46 57 56 59 58 49 48 51 50
86 87 84 85 90 91 88 89 98 99 96 97 82 83 80 81 94 95 92 93 6 7 4 5 10 11 8 9 18 19 16 17 2 3 0 1 14 15 12 13 26 27 24 25 30 31 28 29 38 39 36 37 22 23 20 21 34 35 32 33 46 47 44 45 50 51 48 49 58 59 56 57 42 43 40 41 54 55 52 53 66 67 64 65 70 71 68 69 78 79 76 77 62 63 60 61 74 75 72 73
87 86 85 84 91 90 89 88 99 98 97 96 83 82 81 80 95 94 93 92 7 6 5 4 11 10 9 8 19 18 17 16 3 2 1 0 15 14 13 12 27 26 25 24 31 30 29 28 39 38 37 36 23 22 21 20 35 34 33 32 47 46 45 44 51 50 49 48 59 58 57 56 43 42 41 40 55 54 53 52 67 66 65 64 71 70 69 68 79 78 77 76 63 62 61 60 75 74 73 72
84 85 86 87 88 89 90 91 96 97 98 99 80 81 82 83 92 93 94 95 4 5 6 7 8 9 10 11 16 17 18 19 0 1 2 3 12 13 14 15 24 25 26 27 28 29 30 31 36 37 38 39 20 21 22 23 32 33 34 35 44 45 46 47 48 49 50 51 56 57 58 59 40 41 42 43 52 53 54 55 64 65 66 67 68 69 70 71 76 77 78 79 60 61 62 63 72 73 74 75
85 84 87 86 89 88 91 90 97 96 99 98 81 80 83 82 93 92 95 94 5 4 7 6 9 8 11 10 17 16 19 18 1 0 3 2 13 12 15 14 25 24 27 26 29 28 31 30 37 36 39 38 21 20 23 22 33 32 35 34 45 44 47 46 49 48 51 50 57 56 59 58 41 40 43 42 53 52 55 54 65 64 67 66 69 68 71 70 77 76 79 78 61 60 63 62 73 72 75 74
90 91 88 89 98 99 96 97 94 95 92 93 86 87 84 85 82 83 80 81 10 11 8 9 18 19 16 17 14 15 12 13 6 7 4 5 2 3 0 1 30 31 28 29 38 39 36 37 34 35 32 33 26 27 24 25 22 23 20 21 50 51 48 49 58 59 56 57 54 55 52 53 46 47 44 45 42 43 40 41 70 71 68 69 78 79 76 77 74 75 72 73 66 67 64 65 62 63 60 61
91 90 89 88 99 98 97 96 95 94 93 92 87 86 85 84 83 82 81 80 11 10 9 8 19 18 17 16 15 14 13 12 7 6 5 4 3 2 1 0 31 30 29 28 39 38 37 36 35 34 33 32 27 26 25 24 23 22 21 20 51 50 49 48 59 58 57 56 55 54 53 52 47 46 45 44 43 42 41 40 71 70 69 68 79 78 77 76 75 74 73 72 67 66 65 64 63 62 61 60
88 89 90 91 96 97 98 99 92 93 94 95 84 85 86 87 80 81 82 83 8 9 10 11 16 17 18 19 12 13 14 15 4 5 6 7 0 1 2 3 28 29 30 31 36 37 38 39 32 33 34 35 24 25 26 27 20 21 22 23 48 49 50 51 56 57 58 59 52 53 54 55 44 45 46 47 40 41 42 43 68 69 70 71 76 77 78 79 72 73 74 75 64 65 66 67 60 61 62 63
89 88 91 90 97 96 99 98 93 92 95 94 85 84 87 86 81 80 83 82 9 8 11 10 17 16 19 18 13 12 15 14 5 4 7 6 1 0 3 2 29 28 31 30 37 36 39 38 33 32 35 34 25 24 27 26 21 20 23 22 49 48 51 50 57 56 59 58 53 52 55 54 45 44 47 46 41 40 43 42 69 68 71 70 77 76 79 78 73 72 75 74 65 64 67 66 61 60 63 62
98 99 96 97 94 95 92 93 82 83 80 81 90 91 88 89 86 87 84 85 18 19 16 17 14 15 12 13 2 3 0 1 10 11 8 9 6 7 4 5 38 39 36 37 34 35 32 33 22 23 20 21 30 31 28 29 26 27 24 25 58 59 56 57 54 55 52 53 42 43 40 41 50 51 48 49 46 47 44 45 78 79 76 77 74 75 72 73 62 63 60 61 70 71 68 69 66 67 64 65
99 98 97 96 95 94 93 92 83 82 81 80 91 90 89 88 87 86 85 84 19 18 17 16 15 14 13 12 3 2 1 0 11 10 9 8 7 6 5 4 39 38 37 36 35 34 33 32 23 22 21 20 31 30 29 28 27 26 25 24 59 58 57 56 55 54 53 52 43 42 41 40 51 50 49 48 47 46 45 44 79 78 77 76 75 74 73 72 63 62 61 60 71 70 69 68 67 66 65 64
96 97 98 99 92 93 94 95 80 81 82 83 88 89 90 91 84 85 86 87 16 17 18 19 12 13 14 15 0 1 2 3 8 9 10 11 4 5 6 7 36 37 38 39 32 33 34 35 20 21 22 23 28 29 30 31 24 25 26 27 56 57 58 59 52 53 54 55 40 41 42 43 48 49 50 51 44 45 46 47 76 77 78 79 72 73 74 75 60 61 62 63 68 69 70 71 64 65 66 67
97 96 99 98 93 92 95 94 81 80 83 82 89 88 91 90 85 84 87 86 17 16 19 18 13 12 15 14 1 0 3 2 9 8 11 10 5 4 7 6 37 36 39 38 33 32 35 34 21 20 23 22 29 28 31 30 25 24 27 26 57 56 59 58 53 52 55 54 41 40 43 42 49 48 51 50 45 44 47 46 77 76 79 78 73 72 75 74 61 60 63 62 69 68 71 70 65 64 67 66
82 83 80 81 86 87 84 85 90 91 88 89 94 95 92 93 98 99 96 97 2 3 0 1 6 7 4 5 10 11 8 9 14 15 12 13 18 19 16 17 22 23 20 21 26 27 24 25 30 31 28 29 34 35 32 33 38 39 36 37 42 43 40 41 46 47 44 45 50 51 48 49 54 55 52 53 58 59 56 57 62 63 60 61 66 67 64 65 70 71 68 69 74 75 72 73 78 79 76 77
83 82 81 80 87 86 85 84 91 90 89 88 95 94 93 92 99 98 97 96 3 2 1 0 7 6 5 4 11 10 9 8 15 14 13 12 19 18 17 16 23 22 21 20 27 26 25 24 31 30 29 28 35 34 33 32 39 38 37 36 43 42 41 40 47 46 45 44 51 50 49 48 55 54 53 52 59 58 57 56 63 62 61 60 67 66 65 64 71 70 69 68 75 74 73 72 79 78 77 76
80 81 82 83 84 85 86 87 88 89 90 91 92 93 94 95 96 97 98 99 0 1 2 3 4 5 6 7 8 9 10 11 12 13 14 15 16 17 18 19 20 21 22 23 24 25 26 27 28 29 30 31 32 33 34 35 36 37 38 39 40 41 42 43 44 45 46 47 48 49 50 51 52 53 54 55 56 57 58 59 60 61 62 63 64 65 66 67 68 69 70 71 72 73 74 75 76 77 78 79
81 80 83 82 85 84 87 86 89 88 91 90 93 92 95 94 97 96 99 98 1 0 3 2 5 4 7 6 9 8 11 10 13 12 15 14 17 16 19 18 21 20 23 22 25 24 27 26 29 28 31 30 33 32 35 34 37 36 39 38 41 40 43 42 45 44 47 46 49 48 51 50 53 52 55 54 57 56 59 58 61 60 63 62 65 64 67 66 69 68 71 70 73 72 75 74 77 76 79 78
94 95 92 93 82 83 80 81 86 87 84 85 98 99 96 97 90 91 88 89 14 15 12 13 2 3 0 1 6 7 4 5 18 19 16 17 10 11 8 9 34 35 32 33 22 23 20 21 26 27 24 25 38 39 36 37 30 31 28 29 54 55 52 53 42 43 40 41 46 47 44 45 58 59 56 57 50 51 48 49 74 75 72 73 62 63 60 61 66 67 64 65 78 79 76 77 70 71 68 69
95 94 93 92 83 82 81 80 87 86 85 84 99 98 97 96 91 90 89 88 15 14 13 12 3 2 1 0 7 6 5 4 19 18 17 16 11 10 9 8 35 34 33 32 23 22 21 20 27 26 25 24 39 38 37 36 31 30 29 28 55 54 53 52 43 42 41 40 47 46 45 44 59 58 57 56 51 50 49 48 75 74 73 72 63 62 61 60 67 66 65 64 79 78 77 76 71 70 69 68
92 93 94 95 80 81 82 83 84 85 86 87 96 97 98 99 88 89 90 91 12 13 14 15 0 1 2 3 4 5 6 7 16 17 18 19 8 9 10 11 32 33 34 35 20 21 22 23 24 25 26 27 36 37 38 39 28 29 30 31 52 53 54 55 40 41 42 43 44 45 46 47 56 57 58 59 48 49 50 51 72 73 74 75 60 61 62 63 64 65 66 67 76 77 78 79 68 69 70 71
93 92 95 94 81 80 83 82 85 84 87 86 97 96 99 98 89 88 91 90 13 12 15 14 1 0 3 2 5 4 7 6 17 16 19 18 9 8 11 10 33 32 35 34 21 20 23 22 25 24 27 26 37 36 39 38 29 28 31 30 53 52 55 54 41 40 43 42 45 44 47 46 57 56 59 58 49 48 51 50 73 72 75 74 61 60 63 62 65 64 67 66 77 76 79 78 69 68 71 70
6 7 4 5 10 11 8 9 18 19 16 17 2 3 0 1 14 15 12 13 26 27 24 25 30 31 28 29 38 39 36 37 22 23 20 21 34 35 32 33 46 47 44 45 50 51 48 49 58 59 56 57 42 43 40 41 54 55 52 53 66 67 64 65 70 71 68 69 78 79 76 77 62 63 60 61 74 75 72 73 86 87 84 85 90 91 88 89 98 99 96 97 82 83 80 81 94 95 92 93
7 6 5 4 11 10 9 8 19 18 17 16 3 2 1 0 15 14 13 12 27 26 25 24 31 30 29 28 39 38 37 36 23 22 21 20 35 34 33 32 47 46 45 44 51 50 49 48 59 58 57 56 43 42 41 40 55 54 53 52 67 66 65 64 71 70 69 68 79 78 77 76 63 62 61 60 75 74 73 72 87 86 85 84 91 90 89 88 99 98 97 96 83 82 81 80 95 94 93 92
4 5 6 7 8 9 10 11 16 17 18 19 0 1 2 3 12 13 14 15 24 25 26 27 28 29 30 31 36 37 38 39 20 21 22 23 32 33 34 35 44 45 46 47 48 49 50 51 56 57 58 59 40 41 42 43 52 53 54 55 64 65 66 67 68 69 70 71 76 77 78 79 60 61 62 63 72 73 74 75 84 85 86 87 88 89 90 91 96 97 98 99 80 81 82 83 92 93 94 95
5 4 7 6 9 8 11 10 17 16 19 18 1 0 3 2 13 12 15 14 25 24 27 26 29 28 31 30 37 36 39 38 21 20 23 22 33 32 35 34 45 44 47 46 49 48 51 50 57 56 59 58 41 40 43 42 53 52 55 54 65 64 67 66 69 68 71 70 77 76 79 78 61 60 63 62 73 72 75 74 85 84 87 86 89 88 91 90 97 96 99 98 81 80 83 82 93 92 95 94
10 11 8 9 18 19 16 17 14 15 12 13 6 7 4 5 2 3 0 1 30 31 28 29 38 39 36 37 34 35 32 33 26 27 24 25 22 23 20 21 50 51 48 49 58 59 56 57 54 55 52 53 46 47 44 45 42 43 40 41 70 71 68 69 78 79 76 77 74 75 72 73 66 67 64 65 62 63 60 61 90 91 88 89 98 99 96 97 94 95 92 93 86 87 84 85 82 83 80 81
11 10 9 8 19 18 17 16 15 14 13 12 7 6 5 4 3 2 1 0 31 30 29 28 39 38 37 36 35 34 33 32 27 26 25 24 23 22 21 20 51 50 49 48 59 58 57 56 55 54 53 52 47 46 45 44 43 42 41 40 71 70 69 68 79 78 77 76 75 74 73 72 67 66 65 64 63 62 61 60 91 90 89 88 99 98 97 96 95 94 93 92 87 86 85 84 83 82 81 80
8 9 10 11 16 17 18 19 12 13 14 15 4 5 6 7 0 1 2 3 28 29 30 31 36 37 38 39 32 33 34 35 24 25 26 27 20 21 22 23 48 49 50 51 56 57 58 59 52 53 54 55 44 45 46 47 40 41 42 43 68 69 70 71 76 77 78 79 72 73 74 75 64 65 66 67 60 61 62 63 88 89 90 91 96 97 98 99 92 93 94 95 84 85 86 87 80 81 82 83
9 8 11 10 17 16 19 18 13 12 15 14 5 4 7 6 1 0 3 2 29 28 31 30 37 36 39 38 33 32 35 34 25 24 27 26 21 20 23 22 49 48 51 50 57 56 59 58 53 52 55 54 45 44 47 46 41 40 43 42 69 68 71 70 77 76 79 78 73 72 75 74 65 64 67 66 61 60 63 62 89 88 91 90 97 96 99 98 93 92 95 94 85 84 87 86 81 80 83 82
18 19 16 17 14 15 12 13 2 3 0 1 10 11 8 9 6 7 4 5 38 39 36 37 34 35 32 33 22 23 20 21 30 31 28 29 26 27 24 25 58 59 56 57 54 55 52 53 42 43 40 41 50 51 48 49 46 47 44 45 78 79 76 77 74 75 72 73 62 63 60 61 70 71 68 69 66 67 64 65 98 99 96 97 94 95 92 93 82 83 80 81 90 91 88 89 86 87 84 85
19 18 17 16 15 14 13 12 3 2 1 0 11 10 9 8 7 6 5 4 39 38 37 36 35 34 33 32 23 22 21 20 31 30 29 28 27 26 25 24 59 58 57 56 55 54 53 52 43 42 41 40 51 50 49 48 47 46 45 44 79 78 77 76 75 74 73 72 63 62 61 60 71 70 69 68 67 66 65 64 99 98 97 96 95 94 93 92 83 82 81 80 91 90 89 88 87 86 85 84
16 17 18 19 12 13 14 15 0 1 2 3 8 9 10 11 4 5 6 7 36 37 38 39 32 33 34 35 20 21 22 23 28 29 30 31 24 25 26 27 56 57 58 59 52 53 54 55 40 41 42 43 48 49 50 51 44 45 46 47 76 77 78 79 72 73 74 75 60 61 62 63 68 69 70 71 64 65 66 67 96 97 98 99 92 93 94 95 80 81 82 83 88 89 90 91 84 85 86 87
17 16 19 18 13 12 15 14 1 0 3 2 9 8 11 10 5 4 7 6 37 36 39 38 33 32 35 34 21 20 23 22 29 28 31 30 25 24 27 26 57 56 59 58 53 52 55 54 41 40 43 42 49 48 51 50 45 44 47 46 77 76 79 78 73 72 75 74 61 60 63 62 69 68 71 70 65 64 67 66 97 96 99 98 93 92 95 94 81 80 83 82 89 88 91 90 85 84 87 86
2 3 0 1 6 7 4 5 10 11 8 9 14 15 12 13 18 19 16 17 22 23 20 21 26 27 24 25 30 31 28 29 34 35 32 33 38 39 36 37 42 43 40 41 46 47 44 45 50 51 48 49 54 55 52 53 58 59 56 57 62 63 60 61 66 67 64 65 70 71 68 69 74 75 72 73 78 79 76 77 82 83 80 81 86 87 84 85 90 91 88 89 94 95 92 93 98 99 96 97
3 2 1 0 7 6 5 4 11 10 9 8 15 14 13 12 19 18 17 16 23 22 21 20 27 26 25 24 31 30 29 28 35 34 33 32 39 38 37 36 43 42 41 40 47 46 45 44 51 50 49 48 55 54 53 52 59 58 57 56 63 62 61 60 67 66 65 64 71 70 69 68 75 74 73 72 79 78 77 76 83 82 81 80 87 86 85 84 91 90 89 88 95 94 93 92 99 98 97 96
0 1 2 3 4 5 6 7 8 9 10 11 12 13 14 15 16 17 18 19 20 21 22 23 24 25 26 27 28 29 30 31 32 33 34 35 36 37 38 39 40 41 42 43 44 45 46 47 48 49 50 51 52 53 54 55 56 57 58 59 60 61 62 63 64 65 66 67 68 69 70 71 72 73 74 75 76 77 78 79 80 81 82 83 84 85 86 87 88 89 90 91 92 93 94 95 96 97 98 99
1 0 3 2 5 4 7 6 9 8 11 10 13 12 15 14 17 16 19 18 21 20 23 22 25 24 27 26 29 28 31 30 33 32 35 34 37 36 39 38 41 40 43 42 45 44 47 46 49 48 51 50 53 52 55 54 57 56 59 58 61 60 63 62 65 64 67 66 69 68 71 70 73 72 75 74 77 76 79 78 81 80 83 82 85 84 87 86 89 88 91 90 93 92 95 94 97 96 99 98
14 15 12 13 2 3 0 1 6 7 4 5 18 19 16 17 10 11 8 9 34 35 32 33 22 23 20 21 26 27 24 25 38 39 36 37 30 31 28 29 54 55 52 53 42 43 40 41 46 47 44 45 58 59 56 57 50 51 48 49 74 75 72 73 62 63 60 61 66 67 64 65 78 79 76 77 70 71 68 69 94 95 92 93 82 83 80 81 86 87 84 85 98 99 96 97 90 91 88 89
15 14 13 12 3 2 1 0 7 6 5 4 19 18 17 16 11 10 9 8 35 34 33 32 23 22 21 20 27 26 25 24 39 38 37 36 31 30 29 28 55 54 53 52 43 42 41 40 47 46 45 44 59 58 57 56 51 50 49 48 75 74 73 72 63 62 61 60 67 66 65 64 79 78 77 76 71 70 69 68 95 94 93 92 83 82 81 80 87 86 85 84 99 98 97 96 91 90 89 88
12 13 14 15 0 1 2 3 4 5 6 7 16 17 18 19 8 9 10 11 32 33 34 35 20 21 22 23 24 25 26 27 36 37 38 39 28 29 30 31 52 53 54 55 40 41 42 43 44 45 46 47 56 57 58 59 48 49 50 51 72 73 74 75 60 61 62 63 64 65 66 67 76 77 78 79 68 69 70 71 92 93 94 95 80 81 82 83 84 85 86 87 96 97 98 99 88 89 90 91
13 12 15 14 1 0 3 2 5 4 7 6 17 16 19 18 9 8 11 10 33 32 35 34 21 20 23 22 25 24 27 26 37 36 39 38 29 28 31 30 53 52 55 54 41 40 43 42 45 44 47 46 57 56 59 58 49 48 51 50 73 72 75 74 61 60 63 62 65 64 67 66 77 76 79 78 69 68 71 70 93 92 95 94 81 80 83 82 85 84 87 86 97 96 99 98 89 88 91 90
26 27 24 25 30 31 28 29 38 39 36 37 22 23 20 21 34 35 32 33 46 47 44 45 50 51 48 49 58 59 56 57 42 43 40 41 54 55 52 53 66 67 64 65 70 71 68 69 78 79 76 77 62 63 60 61 74 75 72 73 86 87 84 85 90 91 88 89 98 99 96 97 82 83 80 81 94 95 92 93 6 7 4 5 10 11 8 9 18 19 16 17 2 3 0 1 14 15 12 13
27 26 25 24 31 30 29 28 39 38 37 36 23 22 21 20 35 34 33 32 47 46 45 44 51 50 49 48 59 58 57 56 43 42 41 40 55 54 53 52 67 66 65 64 71 70 69 68 79 78 77 76 63 62 61 60 75 74 73 72 87 86 85 84 91 90 89 88 99 98 97 96 83 82 81 80 95 94 93 92 7 6 5 4 11 10 9 8 19 18 17 16 3 2 1 0 15 14 13 12
24 25 26 27 28 29 30 31 36 37 38 39 20 21 22 23 32 33 34 35 44 45 46 47 48 49 50 51 56 57 58 59 40 41 42 43 52 53 54 55 64 65 66 67 68 69 70 71 76 77 78 79 60 61 62 63 72 73 74 75 84 85 86 87 88 89 90 91 96 97 98 99 80 81 82 83 92 93 94 95 4 5 6 7 8 9 10 11 16 17 18 19 0 1 2 3 12 13 14 15
25 24 27 26 29 28 31 30 37 36 39 38 21 20 23 22 33 32 35 34 45 44 47 46 49 48 51 50 57 56 59 58 41 40 43 42 53 52 55 54 65 64 67 66 69 68 71 70 77 76 79 78 61 60 63 62 73 72 75 74 85 84 87 86 89 88 91 90 97 96 99 98 81 80 83 82 93 92 95 94 5 4 7 6 9 8 11 10 17 16 19 18 1 0 3 2 13 12 15 14
30 31 28 29 38 39 36 37 34 35 32 33 26 27 24 25 22 23 20 21 50 51 48 49 58 59 56 57 54 55 52 53 46 47 44 45 42 43 40 41 70 71 68 69 78 79 76 77 74 75 72 73 66 67 64 65 62 63 60 61 90 91 88 89 98 99 96 97 94 95 92 93 86 87 84 85 82 83 80 81 10 11 8 9 18 19 16 17 14 15 12 13 6 7 4 5 2 3 0 1
31 30 29 28 39 38 37 36 35 34 33 32 27 26 25 24 23 22 21 20 51 50 49 48 59 58 57 56 55 54 53 52 47 46 45 44 43 42 41 40 71 70 69 68 79 78 77 76 75 74 73 72 67 66 65 64 63 62 61 60 91 90 89 88 99 98 97 96 95 94 93 92 87 86 85 84 83 82 81 80 11 10 9 8 19 18 17 16 15 14 13 12 7 6 5 4 3 2 1 0
28 29 30 31 36 37 38 39 32 33 34 35 24 25 26 27 20 21 22 23 48 49 50 51 56 57 58 59 52 53 54 55 44 45 46 47 40 41 42 43 68 69 70 71 76 77 78 79 72 73 74 75 64 65 66 67 60 61 62 63 88 89 90 91 96 97 98 99 92 93 94 95 84 85 86 87 80 81 82 83 8 9 10 11 16 17 18 19 12 13 14 15 4 5 6 7 0 1 2 3
29 28 31 30 37 36 39 38 33 32 35 34 25 24 27 26 21 20 23 22 49 48 51 50 57 56 59 58 53 52 55 54 45 44 47 46 41 40 43 42 69 68 71 70 77 76 79 78 73 72 75 74 65 64 67 66 61 60 63 62 89 88 91 90 97 96 99 98 93 92 95 94 85 84 87 86 81 80 83 82 9 8 11 10 17 16 19 18 13 12 15 14 5 4 7 6 1 0 3 2
38 39 36 37 34 35 32 33 22 23 20 21 30 31 28 29 26 27 24 25 58 59 56 57 54 55 52 53 42 43 40 41 50 51 48 49 46 47 44 45 78 79 76 77 74 75 72 73 62 63 60 61 70 71 68 69 66 67 64 65 98 99 96 97 94 95 92 93 82 83 80 81 90 91 88 89 86 87 84 85 18 19 16 17 14 15 12 13 2 3 0 1 10 11 8 9 6 7 4 5
39 38 37 36 35 34 33 32 23 22 21 20 31 30 29 28 27 26 25 24 59 58 57 56 55 54 53 52 43 42 41 40 51 50 49 48 47 46 45 44 79 78 77 76 75 74 73 72 63 62 61 60 71 70 69 68 67 66 65 64 99 98 97 96 95 94 93 92 83 82 81 80 91 90 89 88 87 86 85 84 19 18 17 16 15 14 13 12 3 2 1 0 11 10 9 8 7 6 5 4
36 37 38 39 32 33 34 35 20 21 22 23 28 29 30 31 24 25 26 27 56 57 58 59 52 53 54 55 40 41 42 43 48 49 50 51 44 45 46 47 76 77 78 79 72 73 74 75 60 61 62 63 68 69 70 71 64 65 66 67 96 97 98 99 92 93 94 95 80 81 82 83 88 89 90 91 84 85 86 87 16 17 18 19 12 13 14 15 0 1 2 3 8 9 10 11 4 5 6 7
37 36 39 38 33 32 35 34 21 20 23 22 29 28 31 30 25 24 27 26 57 56 59 58 53 52 55 54 41 40 43 42 49 48 51 50 45 44 47 46 77 76 79 78 73 72 75 74 61 60 63 62 69 68 71 70 65 64 67 66 97 96 99 98 93 92 95 94 81 80 83 82 89 88 91 90 85 84 87 86 17 16 19 18 13 12 15 14 1 0 3 2 9 8 11 10 5 4 7 6
22 23 20 21 26 27 24 25 30 31 28 29 34 35 32 33 38 39 36 37 42 43 40 41 46 47 44 45 50 51 48 49 54 55 52 53 58 59 56 57 62 63 60 61 66 67 64 65 70 71 68 69 74 75 72 73 78 79 76 77 82 83 80 81 86 87 84 85 90 91 88 89 94 95 92 93 98 99 96 97 2 3 0 1 6 7 4 5 10 11 8 9 14 15 12 13 18 19 16 17
23 22 21 20 27 26 25 24 31 30 29 28 35 34 33 32 39 38 37 36 43 42 41 40 47 46 45 44 51 50 49 48 55 54 53 52 59 58 57 56 63 62 61 60 67 66 65 64 71 70 69 68 75 74 73 72 79 78 77 76 83 82 81 80 87 86 85 84 91 90 89 88 95 94 93 92 99 98 97 96 3 2 1 0 7 6 5 4 11 10 9 8 15 14 13 12 19 18 17 16
20 21 22 23 24 25 26 27 28 29 30 31 32 33 34 35 36 37 38 39 40 41 42 43 44 45 46 47 48 49 50 51 52 53 54 55 56 57 58 59 60 61 62 63 64 65 66 67 68 69 70 71 72 73 74 75 76 77 78 79 80 81 82 83 84 85 86 87 88 89 90 91 92 93 94 95 96 97 98 99 0 1 2 3 4 5 6 7 8 9 10 11 12 13 14 15 16 17 18 19
21 20 23 22 25 24 27 26 29 28 31 30 33 32 35 34 37 36 39 38 41 40 43 42 45 44 47 46 49 48 51 50 53 52 55 54 57 56 59 58 61 60 63 62 65 64 67 66 69 68 71 70 73 72 75 74 77 76 79 78 81 80 83 82 85 84 87 86 89 88 91 90 93 92 95 94 97 96 99 98 1 0 3 2 5 4 7 6 9 8 11 10 13 12 15 14 17 16 19 18
34 35 32 33 22 23 20 21 26 27 24 25 38 39 36 37 30 31 28 29 54 55 52 53 42 43 40 41 46 47 44 45 58 59 56 57 50 51 48 49 74 75 72 73 62 63 60 61 66 67 64 65 78 79 76 77 70 71 68 69 94 95 92 93 82 83 80 81 86 87 84 85 98 99 96 97 90 91 88 89 14 15 12 13 2 3 0 1 6 7 4 5 18 19 16 17 10 11 8 9
35 34 33 32 23 22 21 20 27 26 25 24 39 38 37 36 31 30 29 28 55 54 53 52 43 42 41 40 47 46 45 44 59 58 57 56 51 50 49 48 75 74 73 72 63 62 61 60 67 66 65 64 79 78 77 76 71 70 69 68 95 94 93 92 83 82 81 80 87 86 85 84 99 98 97 96 91 90 89 88 15 14 13 12 3 2 1 0 7 6 5 4 19 18 17 16 11 10 9 8
32 33 34 35 20 21 22 23 24 25 26 27 36 37 38 39 28 29 30 31 52 53 54 55 40 41 42 43 44 45 46 47 56 57 58 59 48 49 50 51 72 73 74 75 60 61 62 63 64 65 66 67 76 77 78 79 68 69 70 71 92 93 94 95 80 81 82 83 84 85 86 87 96 97 98 99 88 89 90 91 12 13 14 15 0 1 2 3 4 5 6 7 16 17 18 19 8 9 10 11
33 32 35 34 21 20 23 22 25 24 27 26 37 36 39 38 29 28 31 30 53 52 55 54 41 40 43 42 45 44 47 46 57 56 59 58 49 48 51 50 73 72 75 74 61 60 63 62 65 64 67 66 77 76 79 78 69 68 71 70 93 92 95 94 81 80 83 82 85 84 87 86 97 96 99 98 89 88 91 90 13 12 15 14 1 0 3 2 5 4 7 6 17 16 19 18 9 8 11 10
992
517 1 14
201 1 94
477 517 47
415 517 23
79 201 26
168 201 26
262 477 78
331 477 10
233 415 97
340 415 39
16 79 29
142 79 18
788 168 82
288 168 82
540 262 92
289 262 67
249 331 84
573 331 68
545 233 33
332 233 8
659 340 93
750 340 50
421 16 20
656 16 15
52 142 40
632 142 58
548 788 37
7 788 65
655 288 55
934 288 85
574 540 50
241 540 90
149 289 56
797 289 63
775 249 74
198 249 32
631 573 73
675 573 80
423 545 29
202 545 89
376 332 6
529 332 21
799 659 41
11 659 14
286 750 10
158 750 3
374 421 49
524 421 50
57 656 13
267 656 50
737 52 25
329 52 96
602 632 0
612 632 89
75 548 21
512 548 40
109 7 45
711 7 0
954 655 25
510 655 15
240 934 30
716 934 34
491 574 52
196 574 70
73 241 13
923 241 25
458 149 23
520 149 28
985 797 30
32 797 7
479 775 73
456 775 51
68 198 94
761 198 10
580 631 22
70 631 72
941 675 62
714 675 19
647 423 1
211 423 97
375 202 19
982 202 50
478 376 82
90 376 70
99 529 60
246 529 45
642 799 2
728 799 96
731 11 31
245 11 2
93 286 64
672 286 27
284 158 32
147 158 46
123 374 32
708 374 93
322 524 19
826 524 77
259 57 59
308 57 75
207 267 3
386 267 30
214 737 10
465 737 2
23 329 64
122 329 15
528 602 38
626 602 83
434 612 81
897 612 73
827 75 28
425 75 27
918 512 8
105 512 16
63 109 33
789 109 52
790 711 94
696 711 74
287 954 9
823 954 77
268 510 14
874 510 92
952 240 11
567 240 31
742 716 94
906 716 69
164 491 76
424 491 29
816 196 13
94 196 62
825 73 52
603 73 41
257 923 71
721 923 18
869 458 84
919 458 32
278 520 33
639 520 35
50 985 35
536 985 62
345 32 87
511 32 86
709 479 6
181 479 26
981 456 88
112 456 99
300 68 50
217 68 77
238 761 97
88 761 35
620 580 20
933 580 13
694 70 28
360 70 89
295 941 15
841 941 84
509 714 83
120 714 54
272 647 14
747 647 9
649 211 40
277 211 13
925 375 78
896 375 78
416 982 27
676 982 75
74 478 95
346 478 75
560 90 67
141 90 11
348 99 75
28 99 7
460 246 24
261 246 53
930 642 43
695 642 45
740 728 9
830 728 3
546 731 60
859 731 13
270 245 97
175 245 81
336 93 48
900 93 38
302 672 39
172 672 46
857 284 97
614 284 6
769 147 51
341 147 98
483 123 27
531 123 97
33 708 90
562 708 29
208 322 79
46 322 63
679 826 65
462 826 20
128 259 95
290 259 57
339 308 1
559 308 71
37 207 14
928 207 73
579 386 69
765 386 27
664 214 90
39 214 68
195 465 17
950 465 85
870 23 45
604 23 76
280 122 66
834 122 39
530 528 77
152 528 54
588 626 55
768 626 74
155 434 8
818 434 58
395 897 50
260 897 16
673 827 63
666 827 37
895 425 86
119 425 39
173 918 65
343 918 62
777 105 16
159 105 57
976 63 83
145 63 41
355 789 39
779 789 34
464 790 62
401 790 24
160 696 85
791 696 67
493 287 8
125 287 83
657 823 75
629 823 25
281 268 67
828 268 53
271 874 21
658 874 78
501 952 43
69 952 16
795 567 22
888 567 58
611 742 63
444 742 74
19 906 29
18 906 76
54 164 94
219 164 61
975 424 28
550 424 66
265 816 62
266 816 25
506 94 12
608 94 11
730 825 84
325 825 86
400 603 18
126 603 69
356 257 29
344 257 52
216 721 21
914 721 90
484 869 21
904 869 18
646 919 16
764 919 10
186 278 7
678 278 78
372 639 25
454 639 53
170 50 61
169 50 64
439 536 82
753 536 53
542 345 69
774 345 44
755 511 51
97 511 44
108 709 15
182 709 93
523 181 29
482 181 28
640 981 24
498 981 74
298 112 18
188 112 98
878 300 18
903 300 14
258 217 17
590 217 59
805 238 69
538 238 33
318 88 87
87 88 32
669 620 73
575 620 1
373 933 99
499 933 69
539 694 21
449 694 38
829 360 98
525 360 13
163 295 97
321 295 33
497 841 34
734 841 88
394 509 27
323 509 90
327 120 9
613 120 74
733 272 63
448 272 37
431 747 76
566 747 42
958 649 19
663 649 95
871 277 29
305 277 97
110 925 97
419 925 28
407 438 77
438 137 21
137 584 80
584 353 67
353 43 74
43 653 24
653 770 32
770 390 84
390 220 16
220 705 14
705 727 21
727 991 58
991 766 1
766 417 82
417 10 13
10 306 21
306 176 11
176 204 27
204 558 5
558 839 54
839 440 45
440 860 46
860 767 87
767 630 65
630 819 9
819 443 22
443 369 13
369 367 18
367 518 65
518 95 93
95 929 88
929 505 32
505 885 8
885 873 70
873 759 35
759 138 10
138 161 31
161 507 95
507 794 54
794 354 15
354 485 71
485 107 75
107 917 19
917 335 12
335 746 33
746 959 23
959 943 62
943 474 47
474 430 80
430 324 21
324 359 11
359 856 86
856 886 29
886 963 1
963 104 0
104 986 61
986 868 33
868 967 36
967 215 53
215 651 61
651 866 23
866 378 25
378 283 1
283 955 2
955 404 84
404 515 43
515 710 33
710 133 90
133 17 72
17 337 36
337 833 90
833 553 19
553 890 1
890 59 55
59 396 90
396 973 5
973 222 30
222 595 20
595 144 88
144 638 87
638 115 97
115 203 51
203 951 76
951 690 64
690 210 89
210 177 47
177 274 73
274 561 22
561 492 39
492 601 87
601 391 70
391 471 79
471 652 90
652 304 74
304 291 58
291 242 78
242 780 8
780 762 79
762 837 4
837 576 27
576 757 52
757 293 4
293 131 69
131 226 58
226 436 49
436 956 36
956 151 19
151 229 17
229 320 81
320 432 75
432 135 42
135 913 86
913 80 74
80 47 0
47 725 70
725 65 63
65 670 23
670 139 39
139 130 93
130 569 10
569 776 87
776 940 0
940 522 1
522 209 72
209 544 78
544 654 28
654 741 88
741 197 60
197 815 21
815 977 91
977 98 78
98 622 70
622 83 3
83 616 46
616 610 19
610 236 13
236 800 92
800 134 35
134 371 58
371 521 49
521 927 45
927 14 61
14 467 42
467 285 78
285 623 24
623 718 21
718 901 59
901 969 71
969 685 33
685 72 41
72 189 31
189 213 7
213 232 26
232 403 79
403 526 70
526 636 55
636 495 96
495 796 26
796 592 71
592 205 69
205 190 82
190 67 35
67 735 36
735 117 77
77 3 22
3 25 59
25 970 48
970 693 73
693 845 37
845 385 7
385 752 15
752 234 19
234 876 74
876 490 33
490 184 6
184 749 32
749 103 42
103 533 73
533 92 44
92 931 80
931 863 75
863 96 39
96 899 60
899 605 83
605 388 31
388 786 35
786 744 65
744 44 18
44 650 63
650 784 77
784 557 86
557 55 59
55 299 7
299 760 14
760 972 46
972 606 50
606 384 48
384 76 51
76 101 63
101 702 0
702 912 24
912 609 65
609 252 34
252 628 17
628 771 88
771 945 73
945 915 7
915 551 20
551 587 56
587 383 45
383 589 73
589 106 54
106 20 75
20 802 66
802 292 52
292 124 48
124 66 50
66 564 16
564 330 9
330 565 64
565 745 71
745 102 36
102 413 87
413 450 83
450 15 89
15 600 53
600 883 12
883 617 99
617 185 37
185 26 45
26 393 74
393 880 96
880 586 57
586 301 32
301 352 18
352 751 69
751 543 12
543 174 21
174 364 93
364 936 83
936 351 75
351 778 24
778 426 58
426 643 5
643 660 51
660 60 1
60 889 55
889 472 44
472 662 56
662 399 31
399 865 32
865 22 61
22 661 12
661 719 56
719 852 28
852 782 42
782 64 11
64 722 31
722 250 85
250 504 94
504 513 5
513 469 85
469 864 63
864 953 60
953 48 29
48 150 73
150 947 48
947 488 89
488 831 9
831 414 14
414 24 68
24 892 63
892 926 38
926 199 63
199 688 82
688 127 81
127 570 71
570 552 14
552 100 57
100 412 45
412 971 95
971 311 4
311 275 4
275 556 42
556 706 27
706 494 0
494 178 2
178 754 94
754 532 53
532 848 21
848 736 99
736 165 13
165 455 33
455 319 61
319 297 95
297 692 63
692 442 83
442 942 7
942 53 56
53 193 39
193 627 76
627 549 8
549 924 63
924 715 46
715 179 98
179 644 30
644 85 62
85 948 50
948 891 37
891 907 17
907 86 25
86 223 78
223 992 58
992 615 10
615 235 46
235 452 13
452 803 47
803 40 33
40 846 57
846 910 65
910 792 91
792 187 78
187 568 36
568 428 38
428 541 41
541 273 22
273 687 18
687 648 75
648 858 27
1 407 99
1 77 86
167 183 33
167 84 84
183 738 58
183 6 35
84 939 58
84 473 29
738 166 88
738 909 90
6 861 28
6 527 51
939 698 51
939 162 80
473 535 19
473 156 6
166 157 18
166 349 1
909 812 75
909 153 49
861 785 34
861 832 85
527 691 49
527 446 94
698 807 31
698 514 69
249 861 96
191 427 19
191 811 15
811 984 84
811 239 43
984 248 70
191 849 81
811 56 86
849 814 70
849 787 49
248 842 97
787 758 80
56 361 29
427 154 17
191 987 38
427 932 74
811 964 32
984 882 36
964 720 44
361 894 83
787 724 23
239 89 25
811 363 47
720 793 83
239 974 48
964 317 51
154 806 92
89 38 85
427 212 4
984 850 69
154 905 88
363 230 78
346 932 19
309 835 41
835 621 86
621 821 8
821 392 91
392 476 23
476 516 84
516 118 44
118 665 62
665 8 67
8 502 40
502 686 26
686 225 85
225 598 57
598 916 43
916 81 82
81 578 36
578 591 73
591 256 71
256 489 15
489 712 16
712 71 18
71 637 82
637 763 86
763 989 1
989 582 7
582 851 55
851 200 43
200 148 29
148 980 13
980 276 92
276 801 98
801 34 91
32 118 34
534 457 43
457 445 67
445 441 51
441 380 22
380 113 41
113 920 79
920 968 33
968 496 11
496 879 56
879 671 33
671 843 92
843 633 14
633 279 36
279 310 82
310 12 34
12 624 0
624 247 85
247 773 63
773 820 29
820 729 97
729 519 91
519 625 12
625 855 0
855 961 1
961 944 58
944 49 33
49 508 19
508 405 0
405 136 51
136 389 11
389 227 56
227 435 55
435 51 47
51 817 9
817 946 35
946 328 83
328 5 87
5 180 72
401 855 43
263 585 96
263 881 68
263 935 57
263 362 29
263 635 91
263 681 12
263 42 97
263 114 40
263 847 44
263 921 81
263 645 86
263 965 90
263 13 91
263 387 21
263 91 55
263 809 31
263 902 4
263 838 17
263 732 0
263 334 56
263 739 20
263 171 66
263 699 59
263 571 78
263 680 70
263 555 34
263 884 2
263 338 75
263 487 51
263 593 23
263 27 19
263 594 96
263 466 18
263 350 97
263 911 21
263 61 12
263 307 92
263 2 68
263 898 36
263 254 12
263 748 38
263 667 88
263 111 23
812 881 16
468 4 7
4 772 0
772 312 72
312 743 68
743 463 44
463 783 66
783 269 19
269 459 83
459 957 13
957 146 41
146 962 63
962 486 57
486 960 45
960 58 7
58 358 22
358 347 7
347 129 13
129 368 72
368 674 84
674 979 60
979 701 10
701 872 95
872 409 30
409 978 29
978 887 90
887 503 44
503 370 95
370 366 48
366 9 32
9 29 25
29 547 99
547 937 41
937 243 9
243 583 58
583 237 66
237 854 53
854 31 37
31 313 83
313 563 92
563 192 36
192 810 29
574 313 36
410 893 55
893 707 93
893 379 4
379 813 98
410 224 5
893 572 43
893 703 70
379 607 95
572 683 86
379 116 39
224 228 51
379 641 25
813 221 84
572 132 64
607 357 39
110 641 43
315 862 50
862 422 22
422 342 97
342 253 81
253 314 66
314 470 6
470 723 66
723 433 40
433 677 15
677 634 37
634 689 36
689 798 56
798 988 49
988 326 67
326 194 62
194 251 45
251 398 55
398 684 94
684 282 10
282 402 61
402 206 2
206 45 40
45 713 45
713 537 80
537 908 27
908 840 37
840 554 5
554 966 99
966 983 95
983 294 77
294 451 94
451 121 94
121 255 60
255 824 49
824 447 57
447 599 84
599 949 0
949 618 11
618 808 17
861 689 33
804 377 17
804 596 19
377 365 95
377 244 18
596 581 8
596 382 68
365 453 84
365 922 59
244 35 74
244 700 96
581 140 63
581 577 82
382 717 90
382 990 20
453 875 66
453 316 82
922 756 69
922 938 82
35 30 1
35 867 75
700 78 79
700 619 48
140 218 88
140 822 36
577 418 67
577 500 32
717 296 13
717 397 85
990 668 48
990 381 69
875 704 42
875 726 95
316 437 77
316 877 97
756 82 65
756 481 84
938 36 15
938 406 39
30 21 17
30 597 72
867 41 85
867 682 48
78 853 63
892 244 5
303 781 25
303 475 8
303 408 37
303 333 54
303 420 81
303 429 47
303 480 78
303 231 70
303 461 71
303 62 41
303 411 91
303 836 34
303 143 21
303 697 77
303 844 72
303 264 25
204 303 96
0 307 731 712 220 785 872 550 634 774 744 984 902 120 0 0 258 531 444 0 922 0 462 0 728 0 594 638 824 577 0 0 128 683 726 178 290 639 559 140 78 645 372 286 183 656 217 0 0 209 976 843 0 443 540 621 765 0 669 0 171 411 711 0 649 0 284 901 954 189 962 0 312 391 173 659 245 41 0 919 0 938 238 0 0 418 890 467 248 752 585 631 117 956 266 797 176 869 385 596 0 0 675 958 790 0 448 204 227 866 667 226 0 0 261 703 93 554 777 14 862 579 658 0 343 138 0 33 499 925 341 905 903 164 0 0 764 126 0 40 561 0 187 829 548 0 190 0 427 0 181 434 812 191 626 535 807 784 666 435 356 698 917 134 0 881 0 0 390 770 61 757 75 0 221 97 416 36 0 224 151 558 45 0 0 584 143 515 70 147 154 637 0 0 421 592 620 533 0 808 908 388 460 108 647 0 950 708 50 695 749 707 941 928 567 794 47 736 369 5 175 449 0 180 0 112 109 374 747 842 280 491 609 0 0 816 0 83 850 874 899 859 516 541 77 845 0 89 760 0 0 340 0 898 409 957 815 17 768 588 115 912 0 782 518 95 524 629 0 780 493 544 377 348 0 835 927 741 0 231 897 0 318 67 721 44 510 895 972 37 546 0 857 0 776 428 0 404 573 800 0 576 521 830 967 755 2 679 0 0 0 73 841 983 402 704 720 283 0 536 335 329 474 613 819 0 430 696 322 0 702 384 429 739 321 762 590 571 664 252 131 0 125 507 940 601 563 274 451 466 0 697 678 914 964 161 813 0 733 436 758 681 529 0 804 0 975 0 219 0 0 43 973 228 490 484 273 419 0 614 682 648 0 332 99 508 593 202 773 169 74 511 0 943 700 575 581 0 0 759 0 315 479 298 779 597 0 475 255 806 62 437 0 0 628 177 646 86 378 643 195 0 605 725 673 0 149 296 333 327 886 933 618 152 160 360 412 542 705 0 0 0 54 19 789 691 527 107 222 0 349 0 990 653 0 718 0 495 0 203 622 23 916 961 528 350 88 0 0 0 676 0 939 323 408 0 0 572 403 836 858 767 826 376 904 920 680 0 0 375 232 560 271 0 458 750 746 873 129 910 742 743 539 0 608 929 344 386 610 287 392 823 0 0 188 243 0 265 894 636 303 694 839 267 856 985 447 465 363 817 18 0 198 769 156 320 0 553 503 55 244 438 0 272 606 291 0 145 0 8 0 0 538 118 935 0 0 182 39 492 141 0 347 0 0 963 215 0 709 955 338 478 299 931 396 302 30 772 122 685 397 0 0 186 91 0 0 260 0 337 0 196 387 27 0 100 406 0 854 0 346 651 913 870 423 545 787 505 233 509 906 977 324 380 844 825 0 433 867 197 56 461 714 0 0 155 0 415 268 640 92 0 0 9 699 520 192 28 38 630 724 970 420 0 42 417 205 382 65 0 602 896 454 818 918 46 952 123 76 0 0 0 986 339 0 159 111 877 59 981 0 735 425 0 103 471 0 353 308 487 362 381 34 832 580 0 717 0 0 930 446 810 0 522 210 328 352 162 635 395 0 331 116 316 439 0 212 208 569 878 63 4 0 623 0 795 687 456 0 317 285 0 960 641 424 35 0 25 0 885 3 838 359 959 672 218 834 0 334 951 278 501 502 11 0 497 229 884 211 496 0 90 991 0 306 0 172 361 400 249 969 336 0 137 57 0 482 259 534 170 0 578 389 10 863 295 119 0 405 270 860 264 793 158 6 799 607 0 445 105 855 0 783 216 716 923 96 0 786 300 821 0 875 365 833 410 157 200 921 692 849 153 357 987 257 236 530 654 325 0 801 992 512 29 616 483 0 888 144 304 0 684 805 737 276 480 900 732 523 978 313 230 52 615 246 0 965 0 811 239 0 0 0 599 791 525 293 481 242 781 0 121 775 0 0 110 619 871 98 604 868 7 498 240 803 982 668 710 0 0 166 0 0 748 730 431 0 828 0 87 0 0 0 519 288 652 281 254 241 837 68 13 133 485 132 611 0 201 0 500 0 262 603 354 0 463 163 655 80 486 809 21 796 0 130 0 277 214 506 690 574 0 432 0 555 0 0 82 473 345 213 0 394 968 0 0 0 0 0 207 740 657 0 69 570 94 256 104 734 723 464 71 566 355 847 0 305 944 761 642 0 289 373 0 367 51 612 840 0 0 670 876 314 12 526 663 814 0 0 453 753 822
