BD
16
0 1 2 3 4 5 6 7 8 9 10 11 12 13 14 15
1 0 3 2 5 4 7 6 9 8 11 10 13 12 15 14
2 3 0 1 6 7 4 5 10 11 8 9 14 15 12 13
3 2 1 0 7 6 5 4 11 10 9 8 15 14 13 12
4 5 6 7 0 1 2 3 12 13 14 15 8 9 10 11
5 4 7 6 1 0 3 2 13 12 15 14 9 8 11 10
6 7 4 5 2 3 0 1 14 15 12 13 10 11 8 9
7 6 5 4 3 2 1 0 15 14 13 12 11 10 9 8
8 9 10 11 12 13 14 15 0 1 2 3 4 5 6 7
9 8 11 10 13 12 15 14 1 0 3 2 5 4 7 6
10 11 8 9 14 15 12 13 2 3 0 1 6 7 4 5
11 10 9 8 15 14 13 12 3 2 1 0 7 6 5 4
12 13 14 15 8 9 10 11 4 5 6 7 0 1 2 3
13 12 15 14 9 8 11 10 5 4 7 6 1 0 3 2
14 15 12 13 10 11 8 9 6 7 4 5 2 3 0 1
15 14 13 12 11 10 9 8 7 6 5 4 3 2 1 0
299
49 1 7
103 1 10
20 49 15
139 49 6
191 103 5
104 103 3
65 20 15
233 20 7
92 139 10
140 139 10
120 191 9
112 191 3
287 104 13
228 104 11
35 65 9
81 65 13
50 233 4
69 233 0
141 92 6
257 92 9
245 140 11
162 140 8
179 120 0
286 120 7
44 112 6
30 112 4
294 287 7
154 287 1
202 228 9
10 228 2
39 35 15
46 35 3
200 81 5
267 81 13
8 50 3
282 50 11
90 69 6
144 69 5
51 141 7
218 141 2
259 257 10
2 257 12
95 245 1
284 245 10
229 162 3
124 162 1
254 179 10
184 179 9
67 286 15
133 286 1
194 44 1
73 44 4
223 30 7
172 30 10
258 294 15
43 294 15
160 154 6
299 154 1
5 202 2
157 202 5
185 10 12
76 10 8
114 39 3
203 39 3
14 46 4
174 46 9
209 200 10
217 200 10
89 267 2
268 267 6
131 8 5
210 8 5
288 282 0
110 282 4
9 90 4
106 90 8
274 144 9
84 144 4
17 51 7
260 51 10
125 218 7
36 218 4
250 259 11
188 259 5
241 2 10
290 2 7
149 95 2
80 95 11
152 284 9
156 284 1
97 229 2
163 229 11
58 124 13
215 124 6
199 254 1
32 254 5
289 184 11
219 63 3
63 121 14
121 232 10
232 270 1
270 224 13
224 213 2
213 280 8
280 45 4
45 29 9
29 201 8
201 285 5
285 248 9
248 292 12
292 183 10
183 115 10
115 256 3
256 153 4
153 291 14
291 75 2
75 52 12
52 272 6
272 220 0
220 130 3
130 116 6
116 176 10
176 87 0
87 227 13
227 197 2
197 147 5
147 134 14
134 31 1
31 148 2
148 132 5
132 164 5
164 155 3
155 283 12
283 211 2
211 96 6
96 204 3
204 23 15
23 37 4
37 13 6
13 109 9
109 198 11
198 262 0
262 101 9
101 243 0
243 208 11
235 72 7
72 206 0
206 26 5
26 66 5
66 251 0
251 171 0
171 238 15
238 212 5
212 261 5
261 247 4
247 16 1
16 68 5
68 196 12
196 225 5
225 19 15
19 94 1
94 53 7
53 111 8
111 93 13
93 265 10
265 173 14
173 178 9
178 190 15
190 88 8
88 278 12
278 64 6
64 277 12
277 129 5
129 136 8
136 252 13
252 231 4
231 236 7
236 22 5
22 226 10
226 161 4
161 207 14
207 71 13
71 21 11
21 269 8
269 113 14
113 216 9
216 142 6
142 40 1
40 195 14
195 145 4
145 70 13
70 246 7
246 275 1
275 159 0
159 82 15
1 219 0
1 235 3
55 4 9
55 126 2
126 266 2
4 54 8
55 271 10
4 182 15
4 297 6
266 102 1
297 83 13
4 180 14
266 193 14
266 60 0
102 38 7
94 182 3
107 79 9
107 100 14
79 169 3
79 170 9
100 78 4
100 117 10
169 221 15
169 7 13
170 59 3
170 99 3
78 33 4
78 62 13
149 59 1
137 205 9
205 192 9
192 167 2
167 263 5
263 298 0
298 74 10
74 151 10
151 158 5
158 253 6
253 264 6
264 165 11
165 150 15
150 108 7
108 143 7
143 3 4
3 91 6
91 240 13
240 119 5
290 205 5
234 18 11
18 123 13
123 230 13
230 11 2
11 34 12
34 189 0
189 27 14
27 56 2
56 242 1
242 98 14
98 128 5
128 187 14
187 48 5
48 42 1
42 296 10
161 234 8
181 175 2
181 279 8
181 168 10
181 61 10
181 255 0
181 57 10
181 135 7
135 118 0
118 276 0
135 186 13
118 41 13
61 86 7
57 127 4
135 239 7
41 122 6
122 47 6
127 295 2
276 222 4
222 177 1
177 15 13
15 249 9
15 166 8
295 28 15
295 25 14
158 57 2
24 105 7
105 85 14
105 12 8
12 273 11
85 244 2
12 77 10
77 138 11
85 146 0
77 214 4
85 6 1
138 293 8
6 281 12
146 237 12
208 77 5
0 0 0 0 0 0 0 0 0 0 0 0 0 0 0 0 0 0 0 0 0 0 0 0 0 0 0 0 0 0 0 0 0 0 0 0 0 0 0 0 0 0 0 0 0 0 0 0 0 0 0 0 0 0 0 0 0 0 0 0 0 0 0 0 0 0 0 0 0 0 0 0 0 0 0 0 0 0 0 0 0 0 0 0 0 0 0 0 0 0 0 0 0 0 0 0 0 0 0 0 0 0 0 0 0 0 0 0 0 0 0 0 0 0 0 0 0 0 0 0 0 0 0 0 0 0 0 0 0 0 0 0 0 0 0 0 0 0 0 0 0 0 0 0 0 0 0 0 0 0 0 0 0 0 0 0 0 0 0 0 0 0 0 0 0 0 0 0 0 0 0 0 0 0 0 0 0 0 0 0 0 0 0 0 0 0 0 0 0 0 0 0 0 0 0 0 0 0 0 0 0 0 0 0 0 0 0 0 0 0 0 0 0 0 0 0 0 0 0 0 0 0 0 0 0 0 0 0 0 0 0 0 0 0 0 0 0 0 0 0 0 0 0 0 0 0 0 0 0 0 0 0 0 0 0 0 0 0 0 0 0 0 0 0 0 0 0 0 0 0 0 0 0 0 0 0 0 0 0 0 0 0 0 0 0 0 0 0 0 0 0 0 0 0 0 0 0 0 0
