A
100
18 19 16 17 10 11 8 9 2 3 0 1 6 7 4 5 14 15 12 13 38 39 36 37 30 31 28 29 22 23 20 21 26 27 24 25 34 35 32 33 58 59 56 57 50 51 48 49 42 43 40 41 46 47 44 45 54 55 52 53 78 79 76 77 70 71 68 69 62 63 60 61 66 67 64 65 74 75 72 73 98 99 96 97 90 91 88 89 82 83 80 81 86 87 84 85 94 95 92 93
19 18 17 16 11 10 9 8 3 2 1 0 7 6 5 4 15 14 13 12 39 38 37 36 31 30 29 28 23 22 21 20 27 26 25 24 35 34 33 32 59 58 57 56 51 50 49 48 43 42 41 40 47 46 45 44 55 54 53 52 79 78 77 76 71 70 69 68 63 62 61 60 67 66 65 64 75 74 73 72 99 98 97 96 91 90 89 88 83 82 81 80 87 86 85 84 95 94 93 92
16 17 18 19 8 9 10 11 0 1 2 3 4 5 6 7 12 13 14 15 36 37 38 39 28 29 30 31 20 21 22 23 24 25 26 27 32 33 34 35 56 57 58 59 48 49 50 51 40 41 42 43 44 45 46 47 52 53 54 55 76 77 78 79 68 69 70 71 60 61 62 63 64 65 66 67 72 73 74 75 96 97 98 99 88 89 90 91 80 81 82 83 84 85 86 87 92 93 94 95
17 16 19 18 9 8 11 10 1 0 3 2 5 4 7 6 13 12 15 14 37 36 39 38 29 28 31 30 21 20 23 22 25 24 27 26 33 32 35 34 57 56 59 58 49 48 51 50 41 40 43 42 45 44 47 46 53 52 55 54 77 76 79 78 69 68 71 70 61 60 63 62 65 64 67 66 73 72 75 74 97 96 99 98 89 88 91 90 81 80 83 82 85 84 87 86 93 92 95 94
10 11 8 9 14 15 12 13 6 7 4 5 18 19 16 17 2 3 0 1 30 31 28 29 34 35 32 33 26 27 24 25 38 39 36 37 22 23 20 21 50 51 48 49 54 55 52 53 46 47 44 45 58 59 56 57 42 43 40 41 70 71 68 69 74 75 72 73 66 67 64 65 78 79 76 77 62 63 60 61 90 91 88 89 94 95 92 93 86 87 84 85 98 99 96 97 82 83 80 81
11 10 9 8 15 14 13 12 7 6 5 4 19 18 17 16 3 2 1 0 31 30 29 28 35 34 33 32 27 26 25 24 39 38 37 36 23 22 21 20 51 50 49 48 55 54 53 52 47 46 45 44 59 58 57 56 43 42 41 40 71 70 69 68 75 74 73 72 67 66 65 64 79 78 77 76 63 62 61 60 91 90 89 88 95 94 93 92 87 86 85 84 99 98 97 96 83 82 81 80
8 9 10 11 12 13 14 15 4 5 6 7 16 17 18 19 0 1 2 3 28 29 30 31 32 33 34 35 24 25 26 27 36 37 38 39 20 21 22 23 48 49 50 51 52 53 54 55 44 45 46 47 56 57 58 59 40 41 42 43 68 69 70 71 72 73 74 75 64 65 66 67 76 77 78 79 60 61 62 63 88 89 90 91 92 93 94 95 84 85 86 87 96 97 98 99 80 81 82 83
9 8 11 10 13 12 15 14 5 4 7 6 17 16 19 18 1 0 3 2 29 28 31 30 33 32 35 34 25 24 27 26 37 36 39 38 21 20 23 22 49 48 51 50 53 52 55 54 45 44 47 46 57 56 59 58 41 40 43 42 69 68 71 70 73 72 75 74 65 64 67 66 77 76 79 78 61 60 63 62 89 88 91 90 93 92 95 94 85 84 87 86 97 96 99 98 81 80 83 82
2 3 0 1 6 7 4 5 10 11 8 9 14 15 12 13 18 19 16 17 22 23 20 21 26 27 24 25 30 31 28 29 34 35 32 33 38 39 36 37 42 43 40 41 46 47 44 45 50 51 48 49 54 55 52 53 58 59 56 57 62 63 60 61 66 67 64 65 70 71 68 69 74 75 72 73 78 79 76 77 82 83 80 81 86 87 84 85 90 91 88 89 94 95 92 93 98 99 96 97
3 2 1 0 7 6 5 4 11 10 9 8 15 14 13 12 19 18 17 16 23 22 21 20 27 26 25 24 31 30 29 28 35 34 33 32 39 38 37 36 43 42 41 40 47 46 45 44 51 50 49 48 55 54 53 52 59 58 57 56 63 62 61 60 67 66 65 64 71 70 69 68 75 74 73 72 79 78 77 76 83 82 81 80 87 86 85 84 91 90 89 88 95 94 93 92 99 98 97 96
0 1 2 3 4 5 6 7 8 9 10 11 12 13 14 15 16 17 18 19 20 21 22 23 24 25 26 27 28 29 30 31 32 33 34 35 36 37 38 39 40 41 42 43 44 45 46 47 48 49 50 51 52 53 54 55 56 57 58 59 60 61 62 63 64 65 66 67 68 69 70 71 72 73 74 75 76 77 78 79 80 81 82 83 84 85 86 87 88 89 90 91 92 93 94 95 96 97 98 99
1 0 3 2 5 4 7 6 9 8 11 10 13 12 15 14 17 16 19 18 21 20 23 22 25 24 27 26 29 28 31 30 33 32 35 34 37 36 39 38 41 40 43 42 45 44 47 46 49 48 51 50 53 52 55 54 57 56 59 58 61 60 63 62 65 64 67 66 69 68 71 70 73 72 75 74 77 76 79 78 81 80 83 82 85 84 87 86 89 88 91 90 93 92 95 94 97 96 99 98
6 7 4 5 18 19 16 17 14 15 12 13 2 3 0 1 10 11 8 9 26 27 24 25 38 39 36 37 34 35 32 33 22 23 20 21 30 31 28 29 46 47 44 45 58 59 56 57 54 55 52 53 42 43 40 41 50 51 48 49 66 67 64 65 78 79 76 77 74 75 72 73 62 63 60 61 70 71 68 69 86 87 84 85 98 99 96 97 94 95 92 93 82 83 80 81 90 91 88 89
7 6 5 4 19 18 17 16 15 14 13 12 3 2 1 0 11 10 9 8 27 26 25 24 39 38 37 36 35 34 33 32 23 22 21 20 31 30 29 28 47 46 45 44 59 58 57 56 55 54 53 52 43 42 41 40 51 50 49 48 67 66 65 64 79 78 77 76 75 74 73 72 63 62 61 60 71 70 69 68 87 86 85 84 99 98 97 96 95 94 93 92 83 82 81 80 91 90 89 88
4 5 6 7 16 17 18 19 12 13 14 15 0 1 2 3 8 9 10 11 24 25 26 27 36 37 38 39 32 33 34 35 20 21 22 23 28 29 30 31 44 45 46 47 56 57 58 59 52 53 54 55 40 41 42 43 48 49 50 51 64 65 66 67 76 77 78 79 72 73 74 75 60 61 62 63 68 69 70 71 84 85 86 87 96 97 98 99 92 93 94 95 80 81 82 83 88 89 90 91
5 4 7 6 17 16 19 18 13 12 15 14 1 0 3 2 9 8 11 10 25 24 27 26 37 36 39 38 33 32 35 34 21 20 23 22 29 28 31 30 45 44 47 46 57 56 59 58 53 52 55 54 41 40 43 42 49 48 51 50 65 64 67 66 77 76 79 78 73 72 75 74 61 60 63 62 69 68 71 70 85 84 87 86 97 96 99 98 93 92 95 94 81 80 83 82 89 88 91 90
14 15 12 13 2 3 0 1 18 19 16 17 10 11 8 9 6 7 4 5 34 35 32 33 22 23 20 21 38 39 36 37 30 31 28 29 26 27 24 25 54 55 52 53 42 43 40 41 58 59 56 57 50 51 48 49 46 47 44 45 74 75 72 73 62 63 60 61 78 79 76 77 70 71 68 69 66 67 64 65 94 95 92 93 82 83 80 81 98 99 96 97 90 91 88 89 86 87 84 85
15 14 13 12 3 2 1 0 19 18 17 16 11 10 9 8 7 6 5 4 35 34 33 32 23 22 21 20 39 38 37 36 31 30 29 28 27 26 25 24 55 54 53 52 43 42 41 40 59 58 57 56 51 50 49 48 47 46 45 44 75 74 73 72 63 62 61 60 79 78 77 76 71 70 69 68 67 66 65 64 95 94 93 92 83 82 81 80 99 98 97 96 91 90 89 88 87 86 85 84
12 13 14 15 0 1 2 3 16 17 18 19 8 9 10 11 4 5 6 7 32 33 34 35 20 21 22 23 36 37 38 39 28 29 30 31 24 25 26 27 52 53 54 55 40 41 42 43 56 57 58 59 48 49 50 51 44 45 46 47 72 73 74 75 60 61 62 63 76 77 78 79 68 69 70 71 64 65 66 67 92 93 94 95 80 81 82 83 96 97 98 99 88 89 90 91 84 85 86 87
13 12 15 14 1 0 3 2 17 16 19 18 9 8 11 10 5 4 7 6 33 32 35 34 21 20 23 22 37 36 39 38 29 28 31 30 25 24 27 26 53 52 55 54 41 40 43 42 57 56 59 58 49 48 51 50 45 44 47 46 73 72 75 74 61 60 63 62 77 76 79 78 69 68 71 70 65 64 67 66 93 92 95 94 81 80 83 82 97 96 99 98 89 88 91 90 85 84 87 86
38 39 36 37 30 31 28 29 22 23 20 21 26 27 24 25 34 35 32 33 58 59 56 57 50 51 48 49 42 43 40 41 46 47 44 45 54 55 52 53 78 79 76 77 70 71 68 69 62 63 60 61 66 67 64 65 74 75 72 73 98 99 96 97 90 91 88 89 82 83 80 81 86 87 84 85 94 95 92 93 18 19 16 17 10 11 8 9 2 3 0 1 6 7 4 5 14 15 12 13
39 38 37 36 31 30 29 28 23 22 21 20 27 26 25 24 35 34 33 32 59 58 57 56 51 50 49 48 43 42 41 40 47 46 45 44 55 54 53 52 79 78 77 76 71 70 69 68 63 62 61 60 67 66 65 64 75 74 73 72 99 98 97 96 91 90 89 88 83 82 81 80 87 86 85 84 95 94 93 92 19 18 17 16 11 10 9 8 3 2 1 0 7 6 5 4 15 14 13 12
36 37 38 39 28 29 30 31 20 21 22 23 24 25 26 27 32 33 34 35 56 57 58 59 48 49 50 51 40 41 42 43 44 45 46 47 52 53 54 55 76 77 78 79 68 69 70 71 60 61 62 63 64 65 66 67 72 73 74 75 96 97 98 99 88 89 90 91 80 81 82 83 84 85 86 87 92 93 94 95 16 17 18 19 8 9 10 11 0 1 2 3 4 5 6 7 12 13 14 15
37 36 39 38 29 28 31 30 21 20 23 22 25 24 27 26 33 32 35 34 57 56 59 58 49 48 51 50 41 40 43 42 45 44 47 46 53 52 55 54 77 76 79 78 69 68 71 70 61 60 63 62 65 64 67 66 73 72 75 74 97 96 99 98 89 88 91 90 81 80 83 82 85 84 87 86 93 92 95 94 17 16 19 18 9 8 11 10 1 0 3 2 5 4 7 6 13 12 15 14
30 31 28 29 34 35 32 33 26 27 24 25 38 39 36 37 22 23 20 21 50 51 48 49 54 55 52 53 46 47 44 45 58 59 56 57 42 43 40 41 70 71 68 69 74 75 72 73 66 67 64 65 78 79 76 77 62 63 60 61 90 91 88 89 94 95 92 93 86 87 84 85 98 99 96 97 82 83 80 81 10 11 8 9 14 15 12 13 6 7 4 5 18 19 16 17 2 3 0 1
31 30 29 28 35 34 33 32 27 26 25 24 39 38 37 36 23 22 21 20 51 50 49 48 55 54 53 52 47 46 45 44 59 58 57 56 43 42 41 40 71 70 69 68 75 74 73 72 67 66 65 64 79 78 77 76 63 62 61 60 91 90 89 88 95 94 93 92 87 86 85 84 99 98 97 96 83 82 81 80 11 10 9 8 15 14 13 12 7 6 5 4 19 18 17 16 3 2 1 0
28 29 30 31 32 33 34 35 24 25 26 27 36 37 38 39 20 21 22 23 48 49 50 51 52 53 54 55 44 45 46 47 56 57 58 59 40 41 42 43 68 69 70 71 72 73 74 75 64 65 66 67 76 77 78 79 60 61 62 63 88 89 90 91 92 93 94 95 84 85 86 87 96 97 98 99 80 81 82 83 8 9 10 11 12 13 14 15 4 5 6 7 16 17 18 19 0 1 2 3
29 28 31 30 33 32 35 34 25 24 27 26 37 36 39 38 21 20 23 22 49 48 51 50 53 52 55 54 45 44 47 46 57 56 59 58 41 40 43 42 69 68 71 70 73 72 75 74 65 64 67 66 77 76 79 78 61 60 63 62 89 88 91 90 93 92 95 94 85 84 87 86 97 96 99 98 81 80 83 82 9 8 11 10 13 12 15 14 5 4 7 6 17 16 19 18 1 0 3 2
22 23 20 21 26 27 24 25 30 31 28 29 34 35 32 33 38 39 36 37 42 43 40 41 46 47 44 45 50 51 48 49 54 55 52 53 58 59 56 57 62 63 60 61 66 67 64 65 70 71 68 69 74 75 72 73 78 79 76 77 82 83 80 81 86 87 84 85 90 91 88 89 94 95 92 93 98 99 96 97 2 3 0 1 6 7 4 5 10 11 8 9 14 15 12 13 18 19 16 17
23 22 21 20 27 26 25 24 31 30 29 28 35 34 33 32 39 38 37 36 43 42 41 40 47 46 45 44 51 50 49 48 55 54 53 52 59 58 57 56 63 62 61 60 67 66 65 64 71 70 69 68 75 74 73 72 79 78 77 76 83 82 81 80 87 86 85 84 91 90 89 88 95 94 93 92 99 98 97 96 3 2 1 0 7 6 5 4 11 10 9 8 15 14 13 12 19 18 17 16
20 21 22 23 24 25 26 27 28 29 30 31 32 33 34 35 36 37 38 39 40 41 42 43 44 45 46 47 48 49 50 51 52 53 54 55 56 57 58 59 60 61 62 63 64 65 66 67 68 69 70 71 72 73 74 75 76 77 78 79 80 81 82 83 84 85 86 87 88 89 90 91 92 93 94 95 96 97 98 99 0 1 2 3 4 5 6 7 8 9 10 11 12 13 14 15 16 17 18 19
21 20 23 22 25 24 27 26 29 28 31 30 33 32 35 34 37 36 39 38 41 40 43 42 45 44 47 46 49 48 51 50 53 52 55 54 57 56 59 58 61 60 63 62 65 64 67 66 69 68 71 70 73 72 75 74 77 76 79 78 81 80 83 82 85 84 87 86 89 88 91 90 93 92 95 94 97 96 99 98 1 0 3 2 5 4 7 6 9 8 11 10 13 12 15 14 17 16 19 18
26 27 24 25 38 39 36 37 34 35 32 33 22 23 20 21 30 31 28 29 46 47 44 45 58 59 56 57 54 55 52 53 42 43 40 41 50 51 48 49 66 67 64 65 78 79 76 77 74 75 72 73 62 63 60 61 70 71 68 69 86 87 84 85 98 99 96 97 94 95 92 93 82 83 80 81 90 91 88 89 6 7 4 5 18 19 16 17 14 15 12 13 2 3 0 1 10 11 8 9
27 26 25 24 39 38 37 36 35 34 33 32 23 22 21 20 31 30 29 28 47 46 45 44 59 58 57 56 55 54 53 52 43 42 41 40 51 50 49 48 67 66 65 64 79 78 77 76 75 74 73 72 63 62 61 60 71 70 69 68 87 86 85 84 99 98 97 96 95 94 93 92 83 82 81 80 91 90 89 88 7 6 5 4 19 18 17 16 15 14 13 12 3 2 1 0 11 10 9 8
24 25 26 27 36 37 38 39 32 33 34 35 20 21 22 23 28 29 30 31 44 45 46 47 56 57 58 59 52 53 54 55 40 41 42 43 48 49 50 51 64 65 66 67 76 77 78 79 72 73 74 75 60 61 62 63 68 69 70 71 84 85 86 87 96 97 98 99 92 93 94 95 80 81 82 83 88 89 90 91 4 5 6 7 16 17 18 19 12 13 14 15 0 1 2 3 8 9 10 11
25 24 27 26 37 36 39 38 33 32 35 34 21 20 23 22 29 28 31 30 45 44 47 46 57 56 59 58 53 52 55 54 41 40 43 42 49 48 51 50 65 64 67 66 77 76 79 78 73 72 75 74 61 60 63 62 69 68 71 70 85 84 87 86 97 96 99 98 93 92 95 94 81 80 83 82 89 88 91 90 5 4 7 6 17 16 19 18 13 12 15 14 1 0 3 2 9 8 11 10
34 35 32 33 22 23 20 21 38 39 36 37 30 31 28 29 26 27 24 25 54 55 52 53 42 43 40 41 58 59 56 57 50 51 48 49 46 47 44 45 74 75 72 73 62 63 60 61 78 79 76 77 70 71 68 69 66 67 64 65 94 95 92 93 82 83 80 81 98 99 96 97 90 91 88 89 86 87 84 85 14 15 12 13 2 3 0 1 18 19 16 17 10 11 8 9 6 7 4 5
35 34 33 32 23 22 21 20 39 38 37 36 31 30 29 28 27 26 25 24 55 54 53 52 43 42 41 40 59 58 57 56 51 50 49 48 47 46 45 44 75 74 73 72 63 62 61 60 79 78 77 76 71 70 69 68 67 66 65 64 95 94 93 92 83 82 81 80 99 98 97 96 91 90 89 88 87 86 85 84 15 14 13 12 3 2 1 0 19 18 17 16 11 10 9 8 7 6 5 4
32 33 34 35 20 21 22 23 36 37 38 39 28 29 30 31 24 25 26 27 52 53 54 55 40 41 42 43 56 57 58 59 48 49 50 51 44 45 46 47 72 73 74 75 60 61 62 63 76 77 78 79 68 69 70 71 64 65 66 67 92 93 94 95 80 81 82 83 96 97 98 99 88 89 90 91 84 85 86 87 12 13 14 15 0 1 2 3 16 17 18 19 8 9 10 11 4 5 6 7
33 32 35 34 21 20 23 22 37 36 39 38 29 28 31 30 25 24 27 26 53 52 55 54 41 40 43 42 57 56 59 58 49 48 51 50 45 44 47 46 73 72 75 74 61 60 63 62 77 76 79 78 69 68 71 70 65 64 67 66 93 92 95 94 81 80 83 82 97 96 99 98 89 88 91 90 85 84 87 86 13 12 15 14 1 0 3 2 17 16 19 18 9 8 11 10 5 4 7 6
58 59 56 57 50 51 48 49 42 43 40 41 46 47 44 45 54 55 52 53 78 79 76 77 70 71 68 69 62 63 60 61 66 67 64 65 74 75 72 73 98 99 96 97 90 91 88 89 82 83 80 81 86 87 84 85 94 95 92 93 18 19 16 17 10 11 8 9 2 3 0 1 6 7 4 5 14 15 12 13 38 39 36 37 30 31 28 29 22 23 20 21 26 27 24 25 34 35 32 33
59 58 57 56 51 50 49 48 43 42 41 40 47 46 45 44 55 54 53 52 79 78 77 76 71 70 69 68 63 62 61 60 67 66 65 64 75 74 73 72 99 98 97 96 91 90 89 88 83 82 81 80 87 86 85 84 95 94 93 92 19 18 17 16 11 10 9 8 3 2 1 0 7 6 5 4 15 14 13 12 39 38 37 36 31 30 29 28 23 22 21 20 27 26 25 24 35 34 33 32
56 57 58 59 48 49 50 51 40 41 42 43 44 45 46 47 52 53 54 55 76 77 78 79 68 69 70 71 60 61 62 63 64 65 66 67 72 73 74 75 96 97 98 99 88 89 90 91 80 81 82 83 84 85 86 87 92 93 94 95 16 17 18 19 8 9 10 11 0 1 2 3 4 5 6 7 12 13 14 15 36 37 38 39 28 29 30 31 20 21 22 23 24 25 26 27 32 33 34 35
57 56 59 58 49 48 51 50 41 40 43 42 45 44 47 46 53 52 55 54 77 76 79 78 69 68 71 70 61 60 63 62 65 64 67 66 73 72 75 74 97 96 99 98 89 88 91 90 81 80 83 82 85 84 87 86 93 92 95 94 17 16 19 18 9 8 11 10 1 0 3 2 5 4 7 6 13 12 15 14 37 36 39 38 29 28 31 30 21 20 23 22 25 24 27 26 33 32 35 34
50 51 48 49 54 55 52 53 46 47 44 45 58 59 56 57 42 43 40 41 70 71 68 69 74 75 72 73 66 67 64 65 78 79 76 77 62 63 60 61 90 91 88 89 94 95 92 93 86 87 84 85 98 99 96 97 82 83 80 81 10 11 8 9 14 15 12 13 6 7 4 5 18 19 16 17 2 3 0 1 30 31 28 29 34 35 32 33 26 27 24 25 38 39 36 37 22 23 20 21
51 50 49 48 55 54 53 52 47 46 45 44 59 58 57 56 43 42 41 40 71 70 69 68 75 74 73 72 67 66 65 64 79 78 77 76 63 62 61 60 91 90 89 88 95 94 93 92 87 86 85 84 99 98 97 96 83 82 81 80 11 10 9 8 15 14 13 12 7 6 5 4 19 18 17 16 3 2 1 0 31 30 29 28 35 34 33 32 27 26 25 24 39 38 37 36 23 22 21 20
48 49 50 51 52 53 54 55 44 45 46 47 56 57 58 59 40 41 42 43 68 69 70 71 72 73 74 75 64 65 66 67 76 77 78 79 60 61 62 63 88 89 90 91 92 93 94 95 84 85 86 87 96 97 98 99 80 81 82 83 8 9 10 11 12 13 14 15 4 5 6 7 16 17 18 19 0 1 2 3 28 29 30 31 32 33 34 35 24 25 26 27 36 37 38 39 20 21 22 23
49 48 51 50 53 52 55 54 45 44 47 46 57 56 59 58 41 40 43 42 69 68 71 70 73 72 75 74 65 64 67 66 77 76 79 78 61 60 63 62 89 88 91 90 93 92 95 94 85 84 87 86 97 96 99 98 81 80 83 82 9 8 11 10 13 12 15 14 5 4 7 6 17 16 19 18 1 0 3 2 29 28 31 30 33 32 35 34 25 24 27 26 37 36 39 38 21 20 23 22
42 43 40 41 46 47 44 45 50 51 48 49 54 55 52 53 58 59 56 57 62 63 60 61 66 67 64 65 70 71 68 69 74 75 72 73 78 79 76 77 82 83 80 81 86 87 84 85 90 91 88 89 94 95 92 93 98 99 96 97 2 3 0 1 6 7 4 5 10 11 8 9 14 15 12 13 18 19 16 17 22 23 20 21 26 27 24 25 30 31 28 29 34 35 32 33 38 39 36 37
43 42 41 40 47 46 45 44 51 50 49 48 55 54 53 52 59 58 57 56 63 62 61 60 67 66 65 64 71 70 69 68 75 74 73 72 79 78 77 76 83 82 81 80 87 86 85 84 91 90 89 88 95 94 93 92 99 98 97 96 3 2 1 0 7 6 5 4 11 10 9 8 15 14 13 12 19 18 17 16 23 22 21 20 27 26 25 24 31 30 29 28 35 34 33 32 39 38 37 36
40 41 42 43 44 45 46 47 48 49 50 51 52 53 54 55 56 57 58 59 60 61 62 63 64 65 66 67 68 69 70 71 72 73 74 75 76 77 78 79 80 81 82 83 84 85 86 87 88 89 90 91 92 93 94 95 96 97 98 99 0 1 2 3 4 5 6 7 8 9 10 11 12 13 14 15 16 17 18 19 20 21 22 23 24 25 26 27 28 29 30 31 32 33 34 35 36 37 38 39
41 40 43 42 45 44 47 46 49 48 51 50 53 52 55 54 57 56 59 58 61 60 63 62 65 64 67 66 69 68 71 70 73 72 75 74 77 76 79 78 81 80 83 82 85 84 87 86 89 88 91 90 93 92 95 94 97 96 99 98 1 0 3 2 5 4 7 6 9 8 11 10 13 12 15 14 17 16 19 18 21 20 23 22 25 24 27 26 29 28 31 30 33 32 35 34 37 36 39 38
46 47 44 45 58 59 56 57 54 55 52 53 42 43 40 41 50 51 48 49 66 67 64 65 78 79 76 77 74 75 72 73 62 63 60 61 70 71 68 69 86 87 84 85 98 99 96 97 94 95 92 93 82 83 80 81 90 91 88 89 6 7 4 5 18 19 16 17 14 15 12 13 2 3 0 1 10 11 8 9 26 27 24 25 38 39 36 37 34 35 32 33 22 23 20 21 30 31 28 29
47 46 45 44 59 58 57 56 55 54 53 52 43 42 41 40 51 50 49 48 67 66 65 64 79 78 77 76 75 74 73 72 63 62 61 60 71 70 69 68 87 86 85 84 99 98 97 96 95 94 93 92 83 82 81 80 91 90 89 88 7 6 5 4 19 18 17 16 15 14 13 12 3 2 1 0 11 10 9 8 27 26 25 24 39 38 37 36 35 34 33 32 23 22 21 20 31 30 29 28
44 45 46 47 56 57 58 59 52 53 54 55 40 41 42 43 48 49 50 51 64 65 66 67 76 77 78 79 72 73 74 75 60 61 62 63 68 69 70 71 84 85 86 87 96 97 98 99 92 93 94 95 80 81 82 83 88 89 90 91 4 5 6 7 16 17 18 19 12 13 14 15 0 1 2 3 8 9 10 11 24 25 26 27 36 37 38 39 32 33 34 35 20 21 22 23 28 29 30 31
45 44 47 46 57 56 59 58 53 52 55 54 41 40 43 42 49 48 51 50 65 64 67 66 77 76 79 78 73 72 75 74 61 60 63 62 69 68 71 70 85 84 87 86 97 96 99 98 93 92 95 94 81 80 83 82 89 88 91 90 5 4 7 6 17 16 19 18 13 12 15 14 1 0 3 2 9 8 11 10 25 24 27 26 37 36 39 38 33 32 35 34 21 20 23 22 29 28 31 30
54 55 52 53 42 43 40 41 58 59 56 57 50 51 48 49 46 47 44 45 74 75 72 73 62 63 60 61 78 79 76 77 70 71 68 69 66 67 64 65 94 95 92 93 82 83 80 81 98 99 96 97 90 91 88 89 86 87 84 85 14 15 12 13 2 3 0 1 18 19 16 17 10 11 8 9 6 7 4 5 34 35 32 33 22 23 20 21 38 39 36 37 30 31 28 29 26 27 24 25
55 54 53 52 43 42 41 40 59 58 57 56 51 50 49 48 47 46 45 44 75 74 73 72 63 62 61 60 79 78 77 76 71 70 69 68 67 66 65 64 95 94 93 92 83 82 81 80 99 98 97 96 91 90 89 88 87 86 85 84 15 14 13 12 3 2 1 0 19 18 17 16 11 10 9 8 7 6 5 4 35 34 33 32 23 22 21 20 39 38 37 36 31 30 29 28 27 26 25 24
52 53 54 55 40 41 42 43 56 57 58 59 48 49 50 51 44 45 46 47 72 73 74 75 60 61 62 63 76 77 78 79 68 69 70 71 64 65 66 67 92 93 94 95 80 81 82 83 96 97 98 99 88 89 90 91 84 85 86 87 12 13 14 15 0 1 2 3 16 17 18 19 8 9 10 11 4 5 6 7 32 33 34 35 20 21 22 23 36 37 38 39 28 29 30 31 24 25 26 27
53 52 55 54 41 40 43 42 57 56 59 58 49 48 51 50 45 44 47 46 73 72 75 74 61 60 63 62 77 76 79 78 69 68 71 70 65 64 67 66 93 92 95 94 81 80 83 82 97 96 99 98 89 88 91 90 85 84 87 86 13 12 15 14 1 0 3 2 17 16 19 18 9 8 11 10 5 4 7 6 33 32 35 34 21 20 23 22 37 36 39 38 29 28 31 30 25 24 27 26
78 79 76 77 70 71 68 69 62 63 60 61 66 67 64 65 74 75 72 73 98 99 96 97 90 91 88 89 82 83 80 81 86 87 84 85 94 95 92 93 18 19 16 17 10 11 8 9 2 3 0 1 6 7 4 5 14 15 12 13 38 39 36 37 30 31 28 29 22 23 20 21 26 27 24 25 34 35 32 33 58 59 56 57 50 51 48 49 42 43 40 41 46 47 44 45 54 55 52 53
79 78 77 76 71 70 69 68 63 62 61 60 67 66 65 64 75 74 73 72 99 98 97 96 91 90 89 88 83 82 81 80 87 86 85 84 95 94 93 92 19 18 17 16 11 10 9 8 3 2 1 0 7 6 5 4 15 14 13 12 39 38 37 36 31 30 29 28 23 22 21 20 27 26 25 24 35 34 33 32 59 58 57 56 51 50 49 48 43 42 41 40 47 46 45 44 55 54 53 52
76 77 78 79 68 69 70 71 60 61 62 63 64 65 66 67 72 73 74 75 96 97 98 99 88 89 90 91 80 81 82 83 84 85 86 87 92 93 94 95 16 17 18 19 8 9 10 11 0 1 2 3 4 5 6 7 12 13 14 15 36 37 38 39 28 29 30 31 20 21 22 23 24 25 26 27 32 33 34 35 56 57 58 59 48 49 50 51 40 41 42 43 44 45 46 47 52 53 54 55
77 76 79 78 69 68 71 70 61 60 63 62 65 64 67 66 73 72 75 74 97 96 99 98 89 88 91 90 81 80 83 82 85 84 87 86 93 92 95 94 17 16 19 18 9 8 11 10 1 0 3 2 5 4 7 6 13 12 15 14 37 36 39 38 29 28 31 30 21 20 23 22 25 24 27 26 33 32 35 34 57 56 59 58 49 48 51 50 41 40 43 42 45 44 47 46 53 52 55 54
70 71 68 69 74 75 72 73 66 67 64 65 78 79 76 77 62 63 60 61 90 91 88 89 94 95 92 93 86 87 84 85 98 99 96 97 82 83 80 81 10 11 8 9 14 15 12 13 6 7 4 5 18 19 16 17 2 3 0 1 30 31 28 29 34 35 32 33 26 27 24 25 38 39 36 37 22 23 20 21 50 51 48 49 54 55 52 53 46 47 44 45 58 59 56 57 42 43 40 41
71 70 69 68 75 74 73 72 67 66 65 64 79 78 77 76 63 62 61 60 91 90 89 88 95 94 93 92 87 86 85 84 99 98 97 96 83 82 81 80 11 10 9 8 15 14 13 12 7 6 5 4 19 18 17 16 3 2 1 0 31 30 29 28 35 34 33 32 27 26 25 24 39 38 37 36 23 22 21 20 51 50 49 48 55 54 53 52 47 46 45 44 59 58 57 56 43 42 41 40
68 69 70 71 72 73 74 75 64 65 66 67 76 77 78 79 60 61 62 63 88 89 90 91 92 93 94 95 84 85 86 87 96 97 98 99 80 81 82 83 8 9 10 11 12 13 14 15 4 5 6 7 16 17 18 19 0 1 2 3 28 29 30 31 32 33 34 35 24 25 26 27 36 37 38 39 20 21 22 23 48 49 50 51 52 53 54 55 44 45 46 47 56 57 58 59 40 41 42 43
69 68 71 70 73 72 75 74 65 64 67 66 77 76 79 78 61 60 63 62 89 88 91 90 93 92 95 94 85 84 87 86 97 96 99 98 81 80 83 82 9 8 11 10 13 12 15 14 5 4 7 6 17 16 19 18 1 0 3 2 29 28 31 30 33 32 35 34 25 24 27 26 37 36 39 38 21 20 23 22 49 48 51 50 53 52 55 54 45 44 47 46 57 56 59 58 41 40 43 42
62 63 60 61 66 67 64 65 70 71 68 69 74 75 72 73 78 79 76 77 82 83 80 81 86 87 84 85 90 91 88 89 94 95 92 93 98 99 96 97 2 3 0 1 6 7 4 5 10 11 8 9 14 15 12 13 18 19 16 17 22 23 20 21 26 27 24 25 30 31 28 29 34 35 32 33 38 39 36 37 42 43 40 41 46 47 44 45 50 51 48 49 54 55 52 53 58 59 56 57
63 62 61 60 67 66 65 64 71 70 69 68 75 74 73 72 79 78 77 76 83 82 81 80 87 86 85 84 91 90 89 88 95 94 93 92 99 98 97 96 3 2 1 0 7 6 5 4 11 10 9 8 15 14 13 12 19 18 17 16 23 22 21 20 27 26 25 24 31 30 29 28 35 34 33 32 39 38 37 36 43 42 41 40 47 46 45 44 51 50 49 48 55 54 53 52 59 58 57 56
60 61 62 63 64 65 66 67 68 69 70 71 72 73 74 75 76 77 78 79 80 81 82 83 84 85 86 87 88 89 90 91 92 93 94 95 96 97 98 99 0 1 2 3 4 5 6 7 8 9 10 11 12 13 14 15 16 17 18 19 20 21 22 23 24 25 26 27 28 29 30 31 32 33 34 35 36 37 38 39 40 41 42 43 44 45 46 47 48 49 50 51 52 53 54 55 56 57 58 59
61 60 63 62 65 64 67 66 69 68 71 70 73 72 75 74 77 76 79 78 81 80 83 82 85 84 87 86 89 88 91 90 93 92 95 94 97 96 99 98 1 0 3 2 5 4 7 6 9 8 11 10 13 12 15 14 17 16 19 18 21 20 23 22 25 24 27 26 29 28 31 30 33 32 35 34 37 36 39 38 41 40 43 42 45 44 47 46 49 48 51 50 53 52 55 54 57 56 59 58
66 67 64 65 78 79 76 77 74 75 72 73 62 63 60 61 70 71 68 69 86 87 84 85 98 99 96 97 94 95 92 93 82 83 80 81 90 91 88 89 6 7 4 5 18 19 16 17 14 15 12 13 2 3 0 1 10 11 8 9 26 27 24 25 38 39 36 37 34 35 32 33 22 23 20 21 30 31 28 29 46 47 44 45 58 59 56 57 54 55 52 53 42 43 40 41 50 51 48 49
67 66 65 64 79 78 77 76 75 74 73 72 63 62 61 60 71 70 69 68 87 86 85 84 99 98 97 96 95 94 93 92 83 82 81 80 91 90 89 88 7 6 5 4 19 18 17 16 15 14 13 12 3 2 1 0 11 10 9 8 27 26 25 24 39 38 37 36 35 34 33 32 23 22 21 20 31 30 29 28 47 46 45 44 59 58 57 56 55 54 53 52 43 42 41 40 51 50 49 48
64 65 66 67 76 77 78 79 72 73 74 75 60 61 62 63 68 69 70 71 84 85 86 87 96 97 98 99 92 93 94 95 80 81 82 83 88 89 90 91 4 5 6 7 16 17 18 19 12 13 14 15 0 1 2 3 8 9 10 11 24 25 26 27 36 37 38 39 32 33 34 35 20 21 22 23 28 29 30 31 44 45 46 47 56 57 58 59 52 53 54 55 40 41 42 43 48 49 50 51
65 64 67 66 77 76 79 78 73 72 75 74 61 60 63 62 69 68 71 70 85 84 87 86 97 96 99 98 93 92 95 94 81 80 83 82 89 88 91 90 5 4 7 6 17 16 19 18 13 12 15 14 1 0 3 2 9 8 11 10 25 24 27 26 37 36 39 38 33 32 35 34 21 20 23 22 29 28 31 30 45 44 47 46 57 56 59 58 53 52 55 54 41 40 43 42 49 48 51 50
74 75 72 73 62 63 60 61 78 79 76 77 70 71 68 69 66 67 64 65 94 95 92 93 82 83 80 81 98 99 96 97 90 91 88 89 86 87 84 85 14 15 12 13 2 3 0 1 18 19 16 17 10 11 8 9 6 7 4 5 34 35 32 33 22 23 20 21 38 39 36 37 30 31 28 29 26 27 24 25 54 55 52 53 42 43 40 41 58 59 56 57 50 51 48 49 46 47 44 45
75 74 73 72 63 62 61 60 79 78 77 76 71 70 69 68 67 66 65 64 95 94 93 92 83 82 81 80 99 98 97 96 91 90 89 88 87 86 85 84 15 14 13 12 3 2 1 0 19 18 17 16 11 10 9 8 7 6 5 4 35 34 33 32 23 22 21 20 39 38 37 36 31 30 29 28 27 26 25 24 55 54 53 52 43 42 41 40 59 58 57 56 51 50 49 48 47 46 45 44
72 73 74 75 60 61 62 63 76 77 78 79 68 69 70 71 64 65 66 67 92 93 94 95 80 81 82 83 96 97 98 99 88 89 90 91 84 85 86 87 12 13 14 15 0 1 2 3 16 17 18 19 8 9 10 11 4 5 6 7 32 33 34 35 20 21 22 23 36 37 38 39 28 29 30 31 24 25 26 27 52 53 54 55 40 41 42 43 56 57 58 59 48 49 50 51 44 45 46 47
73 72 75 74 61 60 63 62 77 76 79 78 69 68 71 70 65 64 67 66 93 92 95 94 81 80 83 82 97 96 99 98 89 88 91 90 85 84 87 86 13 12 15 14 1 0 3 2 17 16 19 18 9 8 11 10 5 4 7 6 33 32 35 34 21 20 23 22 37 36 39 38 29 28 31 30 25 24 27 26 53 52 55 54 41 40 43 42 57 56 59 58 49 48 51 50 45 44 47 46
98 99 96 97 90 91 88 89 82 83 80 81 86 87 84 85 94 95 92 93 18 19 16 17 10 11 8 9 2 3 0 1 6 7 4 5 14 15 12 13 38 39 36 37 30 31 28 29 22 23 20 21 26 27 24 25 34 35 32 33 58 59 56 57 50 51 48 49 42 43 40 41 46 47 44 45 54 55 52 53 78 79 76 77 70 71 68 69 62 63 60 61 66 67 64 65 74 75 72 73
99 98 97 96 91 90 89 88 83 82 81 80 87 86 85 84 95 94 93 92 19 18 17 16 11 10 9 8 3 2 1 0 7 6 5 4 15 14 13 12 39 38 37 36 31 30 29 28 23 22 21 20 27 26 25 24 35 34 33 32 59 58 57 56 51 50 49 48 43 42 41 40 47 46 45 44 55 54 53 52 79 78 77 76 71 70 69 68 63 62 61 60 67 66 65 64 75 74 73 72
96 97 98 99 88 89 90 91 80 81 82 83 84 85 86 87 92 93 94 95 16 17 18 19 8 9 10 11 0 1 2 3 4 5 6 7 12 13 14 15 36 37 38 39 28 29 30 31 20 21 22 23 24 25 26 27 32 33 34 35 56 57 58 59 48 49 50 51 40 41 42 43 44 45 46 47 52 53 54 55 76 77 78 79 68 69 70 71 60 61 62 63 64 65 66 67 72 73 74 75
97 96 99 98 89 88 91 90 81 80 83 82 85 84 87 86 93 92 95 94 17 16 19 18 9 8 11 10 1 0 3 2 5 4 7 6 13 12 15 14 37 36 39 38 29 28 31 30 21 20 23 22 25 24 27 26 33 32 35 34 57 56 59 58 49 48 51 50 41 40 43 42 45 44 47 46 53 52 55 54 77 76 79 78 69 68 71 70 61 60 63 62 65 64 67 66 73 72 75 74
90 91 88 89 94 95 92 93 86 87 84 85 98 99 96 97 82 83 80 81 10 11 8 9 14 15 12 13 6 7 4 5 18 19 16 17 2 3 0 1 30 31 28 29 34 35 32 33 26 27 24 25 38 39 36 37 22 23 20 21 50 51 48 49 54 55 52 53 46 47 44 45 58 59 56 57 42 43 40 41 70 71 68 69 74 75 72 73 66 67 64 65 78 79 76 77 62 63 60 61
91 90 89 88 95 94 93 92 87 86 85 84 99 98 97 96 83 82 81 80 11 10 9 8 15 14 13 12 7 6 5 4 19 18 17 16 3 2 1 0 31 30 29 28 35 34 33 32 27 26 25 24 39 38 37 36 23 22 21 20 51 50 49 48 55 54 53 52 47 46 45 44 59 58 57 56 43 42 41 40 71 70 69 68 75 74 73 72 67 66 65 64 79 78 77 76 63 62 61 60
88 89 90 91 92 93 94 95 84 85 86 87 96 97 98 99 80 81 82 83 8 9 10 11 12 13 14 15 4 5 6 7 16 17 18 19 0 1 2 3 28 29 30 31 32 33 34 35 24 25 26 27 36 37 38 39 20 21 22 23 48 49 50 51 52 53 54 55 44 45 46 47 56 57 58 59 40 41 42 43 68 69 70 71 72 73 74 75 64 65 66 67 76 77 78 79 60 61 62 63
89 88 91 90 93 92 95 94 85 84 87 86 97 96 99 98 81 80 83 82 9 8 11 10 13 12 15 14 5 4 7 6 17 16 19 18 1 0 3 2 29 28 31 30 33 32 35 34 25 24 27 26 37 36 39 38 21 20 23 22 49 48 51 50 53 52 55 54 45 44 47 46 57 56 59 58 41 40 43 42 69 68 71 70 73 72 75 74 65 64 67 66 77 76 79 78 61 60 63 62
82 83 80 81 86 87 84 85 90 91 88 89 94 95 92 93 98 99 96 97 2 3 0 1 6 7 4 5 10 11 8 9 14 15 12 13 18 19 16 17 22 23 20 21 26 27 24 25 30 31 28 29 34 35 32 33 38 39 36 37 42 43 40 41 46 47 44 45 50 51 48 49 54 55 52 53 58 59 56 57 62 63 60 61 66 67 64 65 70 71 68 69 74 75 72 73 78 79 76 77
83 82 81 80 87 86 85 84 91 90 89 88 95 94 93 92 99 98 97 96 3 2 1 0 7 6 5 4 11 10 9 8 15 14 13 12 19 18 17 16 23 22 21 20 27 26 25 24 31 30 29 28 35 34 33 32 39 38 37 36 43 42 41 40 47 46 45 44 51 50 49 48 55 54 53 52 59 58 57 56 63 62 61 60 67 66 65 64 71 70 69 68 75 74 73 72 79 78 77 76
80 81 82 83 84 85 86 87 88 89 90 91 92 93 94 95 96 97 98 99 0 1 2 3 4 5 6 7 8 9 10 11 12 13 14 15 16 17 18 19 20 21 22 23 24 25 26 27 28 29 30 31 32 33 34 35 36 37 38 39 40 41 42 43 44 45 46 47 48 49 50 51 52 53 54 55 56 57 58 59 60 61 62 63 64 65 66 67 68 69 70 71 72 73 74 75 76 77 78 79
81 80 83 82 85 84 87 86 89 88 91 90 93 92 95 94 97 96 99 98 1 0 3 2 5 4 7 6 9 8 11 10 13 12 15 14 17 16 19 18 21 20 23 22 25 24 27 26 29 28 31 30 33 32 35 34 37 36 39 38 41 40 43 42 45 44 47 46 49 48 51 50 53 52 55 54 57 56 59 58 61 60 63 62 65 64 67 66 69 68 71 70 73 72 75 74 77 76 79 78
86 87 84 85 98 99 96 97 94 95 92 93 82 83 80 81 90 91 88 89 6 7 4 5 18 19 16 17 14 15 12 13 2 3 0 1 10 11 8 9 26 27 24 25 38 39 36 37 34 35 32 33 22 23 20 21 30 31 28 29 46 47 44 45 58 59 56 57 54 55 52 53 42 43 40 41 50 51 48 49 66 67 64 65 78 79 76 77 74 75 72 73 62 63 60 61 70 71 68 69
87 86 85 84 99 98 97 96 95 94 93 92 83 82 81 80 91 90 89 88 7 6 5 4 19 18 17 16 15 14 13 12 3 2 1 0 11 10 9 8 27 26 25 24 39 38 37 36 35 34 33 32 23 22 21 20 31 30 29 28 47 46 45 44 59 58 57 56 55 54 53 52 43 42 41 40 51 50 49 48 67 66 65 64 79 78 77 76 75 74 73 72 63 62 61 60 71 70 69 68
84 85 86 87 96 97 98 99 92 93 94 95 80 81 82 83 88 89 90 91 4 5 6 7 16 17 18 19 12 13 14 15 0 1 2 3 8 9 10 11 24 25 26 27 36 37 38 39 32 33 34 35 20 21 22 23 28 29 30 31 44 45 46 47 56 57 58 59 52 53 54 55 40 41 42 43 48 49 50 51 64 65 66 67 76 77 78 79 72 73 74 75 60 61 62 63 68 69 70 71
85 84 87 86 97 96 99 98 93 92 95 94 81 80 83 82 89 88 91 90 5 4 7 6 17 16 19 18 13 12 15 14 1 0 3 2 9 8 11 10 25 24 27 26 37 36 39 38 33 32 35 34 21 20 23 22 29 28 31 30 45 44 47 46 57 56 59 58 53 52 55 54 41 40 43 42 49 48 51 50 65 64 67 66 77 76 79 78 73 72 75 74 61 60 63 62 69 68 71 70
94 95 92 93 82 83 80 81 98 99 96 97 90 91 88 89 86 87 84 85 14 15 12 13 2 3 0 1 18 19 16 17 10 11 8 9 6 7 4 5 34 35 32 33 22 23 20 21 38 39 36 37 30 31 28 29 26 27 24 25 54 55 52 53 42 43 40 41 58 59 56 57 50 51 48 49 46 47 44 45 74 75 72 73 62 63 60 61 78 79 76 77 70 71 68 69 66 67 64 65
95 94 93 92 83 82 81 80 99 98 97 96 91 90 89 88 87 86 85 84 15 14 13 12 3 2 1 0 19 18 17 16 11 10 9 8 7 6 5 4 35 34 33 32 23 22 21 20 39 38 37 36 31 30 29 28 27 26 25 24 55 54 53 52 43 42 41 40 59 58 57 56 51 50 49 48 47 46 45 44 75 74 73 72 63 62 61 60 79 78 77 76 71 70 69 68 67 66 65 64
92 93 94 95 80 81 82 83 96 97 98 99 88 89 90 91 84 85 86 87 12 13 14 15 0 1 2 3 16 17 18 19 8 9 10 11 4 5 6 7 32 33 34 35 20 21 22 23 36 37 38 39 28 29 30 31 24 25 26 27 52 53 54 55 40 41 42 43 56 57 58 59 48 49 50 51 44 45 46 47 72 73 74 75 60 61 62 63 76 77 78 79 68 69 70 71 64 65 66 67
93 92 95 94 81 80 83 82 97 96 99 98 89 88 91 90 85 84 87 86 13 12 15 14 1 0 3 2 17 16 19 18 9 8 11 10 5 4 7 6 33 32 35 34 21 20 23 22 37 36 39 38 29 28 31 30 25 24 27 26 53 52 55 54 41 40 43 42 57 56 59 58 49 48 51 50 45 44 47 46 73 72 75 74 61 60 63 62 77 76 79 78 69 68 71 70 65 64 67 66
290
150 62 95
62 21 27
21 53 19
53 235 82
235 171 85
171 61 39
61 232 21
232 42 3
42 276 31
276 184 87
184 238 42
238 52 89
52 14 43
14 141 85
141 125 91
125 12 34
12 264 58
264 25 30
25 127 90
127 208 24
208 60 32
60 210 64
210 97 81
97 190 68
190 80 12
80 128 78
128 70 8
70 81 46
81 29 41
29 69 75
69 205 30
205 102 20
102 136 3
136 243 32
243 137 97
137 114 7
114 156 17
156 68 62
68 119 90
119 237 37
237 226 17
226 160 23
160 249 20
249 76 92
76 139 56
139 216 8
216 173 28
173 51 98
51 188 68
188 181 60
181 267 85
267 260 86
260 135 84
135 217 31
217 251 3
251 214 50
214 282 16
282 187 13
187 49 6
49 166 54
166 158 53
158 179 60
179 149 8
149 236 39
236 130 26
130 48 80
48 176 11
176 234 68
234 5 63
5 163 94
163 82 96
82 204 18
204 10 28
10 106 83
106 262 15
262 15 70
15 155 46
155 265 42
265 30 97
30 120 51
120 170 62
170 89 96
89 168 46
168 112 76
112 96 66
96 167 75
167 274 60
274 172 63
172 144 1
144 191 41
191 121 4
121 288 20
288 286 45
286 281 21
281 117 26
117 103 92
103 122 92
122 105 62
105 26 87
26 174 49
174 19 31
19 224 32
224 6 17
6 71 62
71 209 21
209 44 40
44 161 47
161 41 38
41 59 75
59 165 80
165 248 6
248 230 18
230 43 63
43 63 78
63 134 23
134 126 82
126 247 67
247 164 48
164 132 70
132 74 12
74 225 11
225 77 37
77 159 35
159 3 55
3 239 82
239 91 98
91 31 19
31 16 58
16 46 45
46 138 47
138 145 14
145 207 58
207 17 69
17 118 59
118 211 23
211 100 49
100 13 59
13 129 66
129 36 47
36 182 48
182 280 61
280 199 30
199 11 14
258 240 41
240 252 47
252 54 60
54 32 43
32 283 80
283 255 9
255 153 63
153 79 34
79 268 15
268 147 3
147 213 58
213 99 7
99 142 73
142 244 15
244 34 54
34 146 40
146 116 49
116 203 74
203 215 71
215 202 8
202 94 67
94 152 42
152 87 56
87 7 79
7 250 55
250 143 26
143 220 28
220 233 89
233 109 67
109 57 75
57 266 91
266 4 50
4 33 34
33 115 86
115 38 52
38 245 73
245 18 14
18 107 3
107 261 76
261 113 60
113 35 86
35 101 84
101 123 71
123 289 84
289 200 77
200 246 32
246 257 14
257 290 86
290 93 13
93 157 66
157 195 89
195 222 25
222 186 16
186 194 89
194 64 98
64 241 60
241 229 84
229 227 71
227 287 42
287 55 23
55 98 81
98 65 42
65 221 51
221 104 50
104 206 83
206 259 69
259 284 66
284 2 30
2 279 53
279 66 34
66 273 38
273 228 11
228 197 23
197 193 26
193 73 53
73 189 61
189 27 75
27 72 86
72 131 13
131 271 78
271 84 63
84 178 70
178 22 74
22 110 64
110 58 66
58 256 43
256 242 26
242 86 44
86 133 60
133 78 97
78 39 85
39 67 78
67 140 21
140 20 81
20 124 43
124 88 62
88 269 54
269 212 43
212 45 7
45 169 46
169 75 43
75 162 60
162 196 18
196 254 69
254 111 0
111 56 38
56 9 15
9 231 88
231 50 55
50 95 32
95 253 32
253 277 55
277 24 81
24 272 84
272 185 25
185 175 23
175 92 11
92 23 15
23 192 16
192 278 33
278 219 3
219 47 28
47 8 1
8 151 30
151 201 71
201 83 88
83 148 15
148 90 61
90 285 54
285 198 96
198 40 59
40 275 53
275 108 21
108 183 0
183 28 95
28 223 28
223 218 88
218 154 15
154 270 26
270 263 67
263 180 93
180 85 70
85 37 10
37 177 20
1 150 16
1 177 18
0 234 151 0 279 196 0 0 0 0 37 146 218 0 0 90 108 156 0 0 0 0 164 0 0 0 0 0 109 0 0 235 0 125 226 0 11 137 121 0 0 79 0 56 0 0 0 0 287 0 290 0 0 0 0 44 69 96 0 0 0 0 0 0 179 163 288 0 57 0 254 265 262 0 0 0 0 0 42 0 233 0 91 0 0 0 0 0 178 16 83 0 0 0 0 58 0 158 0 0 0 0 0 236 0 0 0 17 29 0 0 0 0 0 0 264 124 0 0 271 39 269 0 117 34 175 0 143 0 206 0 192 0 0 186 0 38 0 0 0 0 0 128 0 0 12 0 0 221 258 3 0 232 0 0 18 181 98 0 0 0 0 66 23 0 0 0 0 174 0 0 0 257 169 126 0 0 89 65 280 157 0 0 0 0 135 0 0 0 0 0 132 0 217 267 6 0 0 0 0 0 0 0 228 266 130 0 0 0 0 0 0 0 241 0 246 194 13 225 0 149 260 0 0 219 35 0 204 282 277 0 153 81 2 32 104 0 0 0 0 214 0 0 0 0 216 0 253 0 0 0 0 248 71 0 0 173 150 0 222 0 73 0 116 72 205 195 276 122 0 120 0 0 0 0 268 230 0 5 180 0 229 0 0 0 0 49 67 0 51
