E
98
24 25 18 19 14 15 26 27 16 17 20 21 22 23 66 67 60 61 56 57 68 69 58 59 62 63 64 65 52 53 46 47 42 43 54 55 44 45 48 49 50 51 10 11 4 5 0 1 12 13 2 3 6 7 8 9 94 95 88 89 84 85 96 97 86 87 90 91 92 93 38 39 32 33 28 29 40 41 30 31 34 35 36 37 80 81 74 75 70 71 82 83 72 73 76 77 78 79
25 24 19 18 15 14 27 26 17 16 21 20 23 22 67 66 61 60 57 56 69 68 59 58 63 62 65 64 53 52 47 46 43 42 55 54 45 44 49 48 51 50 11 10 5 4 1 0 13 12 3 2 7 6 9 8 95 94 89 88 85 84 97 96 87 86 91 90 93 92 39 38 33 32 29 28 41 40 31 30 35 34 37 36 81 80 75 74 71 70 83 82 73 72 77 76 79 78
18 19 22 23 16 17 24 25 26 27 14 15 20 21 60 61 64 65 58 59 66 67 68 69 56 57 62 63 46 47 50 51 44 45 52 53 54 55 42 43 48 49 4 5 8 9 2 3 10 11 12 13 0 1 6 7 88 89 92 93 86 87 94 95 96 97 84 85 90 91 32 33 36 37 30 31 38 39 40 41 28 29 34 35 74 75 78 79 72 73 80 81 82 83 70 71 76 77
19 18 23 22 17 16 25 24 27 26 15 14 21 20 61 60 65 64 59 58 67 66 69 68 57 56 63 62 47 46 51 50 45 44 53 52 55 54 43 42 49 48 5 4 9 8 3 2 11 10 13 12 1 0 7 6 89 88 93 92 87 86 95 94 97 96 85 84 91 90 33 32 37 36 31 30 39 38 41 40 29 28 35 34 75 74 79 78 73 72 81 80 83 82 71 70 77 76
14 15 16 17 18 19 20 21 22 23 24 25 26 27 56 57 58 59 60 61 62 63 64 65 66 67 68 69 42 43 44 45 46 47 48 49 50 51 52 53 54 55 0 1 2 3 4 5 6 7 8 9 10 11 12 13 84 85 86 87 88 89 90 91 92 93 94 95 96 97 28 29 30 31 32 33 34 35 36 37 38 39 40 41 70 71 72 73 74 75 76 77 78 79 80 81 82 83
15 14 17 16 19 18 21 20 23 22 25 24 27 26 57 56 59 58 61 60 63 62 65 64 67 66 69 68 43 42 45 44 47 46 49 48 51 50 53 52 55 54 1 0 3 2 5 4 7 6 9 8 11 10 13 12 85 84 87 86 89 88 91 90 93 92 95 94 97 96 29 28 31 30 33 32 35 34 37 36 39 38 41 40 71 70 73 72 75 74 77 76 79 78 81 80 83 82
26 27 24 25 20 21 16 17 14 15 22 23 18 19 68 69 66 67 62 63 58 59 56 57 64 65 60 61 54 55 52 53 48 49 44 45 42 43 50 51 46 47 12 13 10 11 6 7 2 3 0 1 8 9 4 5 96 97 94 95 90 91 86 87 84 85 92 93 88 89 40 41 38 39 34 35 30 31 28 29 36 37 32 33 82 83 80 81 76 77 72 73 70 71 78 79 74 75
27 26 25 24 21 20 17 16 15 14 23 22 19 18 69 68 67 66 63 62 59 58 57 56 65 64 61 60 55 54 53 52 49 48 45 44 43 42 51 50 47 46 13 12 11 10 7 6 3 2 1 0 9 8 5 4 97 96 95 94 91 90 87 86 85 84 93 92 89 88 41 40 39 38 35 34 31 30 29 28 37 36 33 32 83 82 81 80 77 76 73 72 71 70 79 78 75 74
16 17 26 27 22 23 14 15 20 21 18 19 24 25 58 59 68 69 64 65 56 57 62 63 60 61 66 67 44 45 54 55 50 51 42 43 48 49 46 47 52 53 2 3 12 13 8 9 0 1 6 7 4 5 10 11 86 87 96 97 92 93 84 85 90 91 88 89 94 95 30 31 40 41 36 37 28 29 34 35 32 33 38 39 72 73 82 83 78 79 70 71 76 77 74 75 80 81
17 16 27 26 23 22 15 14 21 20 19 18 25 24 59 58 69 68 65 64 57 56 63 62 61 60 67 66 45 44 55 54 51 50 43 42 49 48 47 46 53 52 3 2 13 12 9 8 1 0 7 6 5 4 11 10 87 86 97 96 93 92 85 84 91 90 89 88 95 94 31 30 41 40 37 36 29 28 35 34 33 32 39 38 73 72 83 82 79 78 71 70 77 76 75 74 81 80
20 21 14 15 24 25 22 23 18 19 26 27 16 17 62 63 56 57 66 67 64 65 60 61 68 69 58 59 48 49 42 43 52 53 50 51 46 47 54 55 44 45 6 7 0 1 10 11 8 9 4 5 12 13 2 3 90 91 84 85 94 95 92 93 88 89 96 97 86 87 34 35 28 29 38 39 36 37 32 33 40 41 30 31 76 77 70 71 80 81 78 79 74 75 82 83 72 73
21 20 15 14 25 24 23 22 19 18 27 26 17 16 63 62 57 56 67 66 65 64 61 60 69 68 59 58 49 48 43 42 53 52 51 50 47 46 55 54 45 44 7 6 1 0 11 10 9 8 5 4 13 12 3 2 91 90 85 84 95 94 93 92 89 88 97 96 87 86 35 34 29 28 39 38 37 36 33 32 41 40 31 30 77 76 71 70 81 80 79 78 75 74 83 82 73 72
22 23 20 21 26 27 18 19 24 25 16 17 14 15 64 65 62 63 68 69 60 61 66 67 58 59 56 57 50 51 48 49 54 55 46 47 52 53 44 45 42 43 8 9 6 7 12 13 4 5 10 11 2 3 0 1 92 93 90 91 96 97 88 89 94 95 86 87 84 85 36 37 34 35 40 41 32 33 38 39 30 31 28 29 78 79 76 77 82 83 74 75 80 81 72 73 70 71
23 22 21 20 27 26 19 18 25 24 17 16 15 14 65 64 63 62 69 68 61 60 67 66 59 58 57 56 51 50 49 48 55 54 47 46 53 52 45 44 43 42 9 8 7 6 13 12 5 4 11 10 3 2 1 0 93 92 91 90 97 96 89 88 95 94 87 86 85 84 37 36 35 34 41 40 33 32 39 38 31 30 29 28 79 78 77 76 83 82 75 74 81 80 73 72 71 70
66 67 60 61 56 57 68 69 58 59 62 63 64 65 94 95 88 89 84 85 96 97 86 87 90 91 92 93 10 11 4 5 0 1 12 13 2 3 6 7 8 9 24 25 18 19 14 15 26 27 16 17 20 21 22 23 80 81 74 75 70 71 82 83 72 73 76 77 78 79 52 53 46 47 42 43 54 55 44 45 48 49 50 51 38 39 32 33 28 29 40 41 30 31 34 35 36 37
67 66 61 60 57 56 69 68 59 58 63 62 65 64 95 94 89 88 85 84 97 96 87 86 91 90 93 92 11 10 5 4 1 0 13 12 3 2 7 6 9 8 25 24 19 18 15 14 27 26 17 16 21 20 23 22 81 80 75 74 71 70 83 82 73 72 77 76 79 78 53 52 47 46 43 42 55 54 45 44 49 48 51 50 39 38 33 32 29 28 41 40 31 30 35 34 37 36
60 61 64 65 58 59 66 67 68 69 56 57 62 63 88 89 92 93 86 87 94 95 96 97 84 85 90 91 4 5 8 9 2 3 10 11 12 13 0 1 6 7 18 19 22 23 16 17 24 25 26 27 14 15 20 21 74 75 78 79 72 73 80 81 82 83 70 71 76 77 46 47 50 51 44 45 52 53 54 55 42 43 48 49 32 33 36 37 30 31 38 39 40 41 28 29 34 35
61 60 65 64 59 58 67 66 69 68 57 56 63 62 89 88 93 92 87 86 95 94 97 96 85 84 91 90 5 4 9 8 3 2 11 10 13 12 1 0 7 6 19 18 23 22 17 16 25 24 27 26 15 14 21 20 75 74 79 78 73 72 81 80 83 82 71 70 77 76 47 46 51 50 45 44 53 52 55 54 43 42 49 48 33 32 37 36 31 30 39 38 41 40 29 28 35 34
56 57 58 59 60 61 62 63 64 65 66 67 68 69 84 85 86 87 88 89 90 91 92 93 94 95 96 97 0 1 2 3 4 5 6 7 8 9 10 11 12 13 14 15 16 17 18 19 20 21 22 23 24 25 26 27 70 71 72 73 74 75 76 77 78 79 80 81 82 83 42 43 44 45 46 47 48 49 50 51 52 53 54 55 28 29 30 31 32 33 34 35 36 37 38 39 40 41
57 56 59 58 61 60 63 62 65 64 67 66 69 68 85 84 87 86 89 88 91 90 93 92 95 94 97 96 1 0 3 2 5 4 7 6 9 8 11 10 13 12 15 14 17 16 19 18 21 20 23 22 25 24 27 26 71 70 73 72 75 74 77 76 79 78 81 80 83 82 43 42 45 44 47 46 49 48 51 50 53 52 55 54 29 28 31 30 33 32 35 34 37 36 39 38 41 40
68 69 66 67 62 63 58 59 56 57 64 65 60 61 96 97 94 95 90 91 86 87 84 85 92 93 88 89 12 13 10 11 6 7 2 3 0 1 8 9 4 5 26 27 24 25 20 21 16 17 14 15 22 23 18 19 82 83 80 81 76 77 72 73 70 71 78 79 74 75 54 55 52 53 48 49 44 45 42 43 50 51 46 47 40 41 38 39 34 35 30 31 28 29 36 37 32 33
69 68 67 66 63 62 59 58 57 56 65 64 61 60 97 96 95 94 91 90 87 86 85 84 93 92 89 88 13 12 11 10 7 6 3 2 1 0 9 8 5 4 27 26 25 24 21 20 17 16 15 14 23 22 19 18 83 82 81 80 77 76 73 72 71 70 79 78 75 74 55 54 53 52 49 48 45 44 43 42 51 50 47 46 41 40 39 38 35 34 31 30 29 28 37 36 33 32
58 59 68 69 64 65 56 57 62 63 60 61 66 67 86 87 96 97 92 93 84 85 90 91 88 89 94 95 2 3 12 13 8 9 0 1 6 7 4 5 10 11 16 17 26 27 22 23 14 15 20 21 18 19 24 25 72 73 82 83 78 79 70 71 76 77 74 75 80 81 44 45 54 55 50 51 42 43 48 49 46 47 52 53 30 31 40 41 36 37 28 29 34 35 32 33 38 39
59 58 69 68 65 64 57 56 63 62 61 60 67 66 87 86 97 96 93 92 85 84 91 90 89 88 95 94 3 2 13 12 9 8 1 0 7 6 5 4 11 10 17 16 27 26 23 22 15 14 21 20 19 18 25 24 73 72 83 82 79 78 71 70 77 76 75 74 81 80 45 44 55 54 51 50 43 42 49 48 47 46 53 52 31 30 41 40 37 36 29 28 35 34 33 32 39 38
62 63 56 57 66 67 64 65 60 61 68 69 58 59 90 91 84 85 94 95 92 93 88 89 96 97 86 87 6 7 0 1 10 11 8 9 4 5 12 13 2 3 20 21 14 15 24 25 22 23 18 19 26 27 16 17 76 77 70 71 80 81 78 79 74 75 82 83 72 73 48 49 42 43 52 53 50 51 46 47 54 55 44 45 34 35 28 29 38 39 36 37 32 33 40 41 30 31
63 62 57 56 67 66 65 64 61 60 69 68 59 58 91 90 85 84 95 94 93 92 89 88 97 96 87 86 7 6 1 0 11 10 9 8 5 4 13 12 3 2 21 20 15 14 25 24 23 22 19 18 27 26 17 16 77 76 71 70 81 80 79 78 75 74 83 82 73 72 49 48 43 42 53 52 51 50 47 46 55 54 45 44 35 34 29 28 39 38 37 36 33 32 41 40 31 30
64 65 62 63 68 69 60 61 66 67 58 59 56 57 92 93 90 91 96 97 88 89 94 95 86 87 84 85 8 9 6 7 12 13 4 5 10 11 2 3 0 1 22 23 20 21 26 27 18 19 24 25 16 17 14 15 78 79 76 77 82 83 74 75 80 81 72 73 70 71 50 51 48 49 54 55 46 47 52 53 44 45 42 43 36 37 34 35 40 41 32 33 38 39 30 31 28 29
65 64 63 62 69 68 61 60 67 66 59 58 57 56 93 92 91 90 97 96 89 88 95 94 87 86 85 84 9 8 7 6 13 12 5 4 11 10 3 2 1 0 23 22 21 20 27 26 19 18 25 24 17 16 15 14 79 78 77 76 83 82 75 74 81 80 73 72 71 70 51 50 49 48 55 54 47 46 53 52 45 44 43 42 37 36 35 34 41 40 33 32 39 38 31 30 29 28
52 53 46 47 42 43 54 55 44 45 48 49 50 51 10 11 4 5 0 1 12 13 2 3 6 7 8 9 80 81 74 75 70 71 82 83 72 73 76 77 78 79 38 39 32 33 28 29 40 41 30 31 34 35 36 37 24 25 18 19 14 15 26 27 16 17 20 21 22 23 94 95 88 89 84 85 96 97 86 87 90 91 92 93 66 67 60 61 56 57 68 69 58 59 62 63 64 65
53 52 47 46 43 42 55 54 45 44 49 48 51 50 11 10 5 4 1 0 13 12 3 2 7 6 9 8 81 80 75 74 71 70 83 82 73 72 77 76 79 78 39 38 33 32 29 28 41 40 31 30 35 34 37 36 25 24 19 18 15 14 27 26 17 16 21 20 23 22 95 94 89 88 85 84 97 96 87 86 91 90 93 92 67 66 61 60 57 56 69 68 59 58 63 62 65 64
46 47 50 51 44 45 52 53 54 55 42 43 48 49 4 5 8 9 2 3 10 11 12 13 0 1 6 7 74 75 78 79 72 73 80 81 82 83 70 71 76 77 32 33 36 37 30 31 38 39 40 41 28 29 34 35 18 19 22 23 16 17 24 25 26 27 14 15 20 21 88 89 92 93 86 87 94 95 96 97 84 85 90 91 60 61 64 65 58 59 66 67 68 69 56 57 62 63
47 46 51 50 45 44 53 52 55 54 43 42 49 48 5 4 9 8 3 2 11 10 13 12 1 0 7 6 75 74 79 78 73 72 81 80 83 82 71 70 77 76 33 32 37 36 31 30 39 38 41 40 29 28 35 34 19 18 23 22 17 16 25 24 27 26 15 14 21 20 89 88 93 92 87 86 95 94 97 96 85 84 91 90 61 60 65 64 59 58 67 66 69 68 57 56 63 62
42 43 44 45 46 47 48 49 50 51 52 53 54 55 0 1 2 3 4 5 6 7 8 9 10 11 12 13 70 71 72 73 74 75 76 77 78 79 80 81 82 83 28 29 30 31 32 33 34 35 36 37 38 39 40 41 14 15 16 17 18 19 20 21 22 23 24 25 26 27 84 85 86 87 88 89 90 91 92 93 94 95 96 97 56 57 58 59 60 61 62 63 64 65 66 67 68 69
43 42 45 44 47 46 49 48 51 50 53 52 55 54 1 0 3 2 5 4 7 6 9 8 11 10 13 12 71 70 73 72 75 74 77 76 79 78 81 80 83 82 29 28 31 30 33 32 35 34 37 36 39 38 41 40 15 14 17 16 19 18 21 20 23 22 25 24 27 26 85 84 87 86 89 88 91 90 93 92 95 94 97 96 57 56 59 58 61 60 63 62 65 64 67 66 69 68
54 55 52 53 48 49 44 45 42 43 50 51 46 47 12 13 10 11 6 7 2 3 0 1 8 9 4 5 82 83 80 81 76 77 72 73 70 71 78 79 74 75 40 41 38 39 34 35 30 31 28 29 36 37 32 33 26 27 24 25 20 21 16 17 14 15 22 23 18 19 96 97 94 95 90 91 86 87 84 85 92 93 88 89 68 69 66 67 62 63 58 59 56 57 64 65 60 61
55 54 53 52 49 48 45 44 43 42 51 50 47 46 13 12 11 10 7 6 3 2 1 0 9 8 5 4 83 82 81 80 77 76 73 72 71 70 79 78 75 74 41 40 39 38 35 34 31 30 29 28 37 36 33 32 27 26 25 24 21 20 17 16 15 14 23 22 19 18 97 96 95 94 91 90 87 86 85 84 93 92 89 88 69 68 67 66 63 62 59 58 57 56 65 64 61 60
44 45 54 55 50 51 42 43 48 49 46 47 52 53 2 3 12 13 8 9 0 1 6 7 4 5 10 11 72 73 82 83 78 79 70 71 76 77 74 75 80 81 30 31 40 41 36 37 28 29 34 35 32 33 38 39 16 17 26 27 22 23 14 15 20 21 18 19 24 25 86 87 96 97 92 93 84 85 90 91 88 89 94 95 58 59 68 69 64 65 56 57 62 63 60 61 66 67
45 44 55 54 51 50 43 42 49 48 47 46 53 52 3 2 13 12 9 8 1 0 7 6 5 4 11 10 73 72 83 82 79 78 71 70 77 76 75 74 81 80 31 30 41 40 37 36 29 28 35 34 33 32 39 38 17 16 27 26 23 22 15 14 21 20 19 18 25 24 87 86 97 96 93 92 85 84 91 90 89 88 95 94 59 58 69 68 65 64 57 56 63 62 61 60 67 66
48 49 42 43 52 53 50 51 46 47 54 55 44 45 6 7 0 1 10 11 8 9 4 5 12 13 2 3 76 77 70 71 80 81 78 79 74 75 82 83 72 73 34 35 28 29 38 39 36 37 32 33 40 41 30 31 20 21 14 15 24 25 22 23 18 19 26 27 16 17 90 91 84 85 94 95 92 93 88 89 96 97 86 87 62 63 56 57 66 67 64 65 60 61 68 69 58 59
49 48 43 42 53 52 51 50 47 46 55 54 45 44 7 6 1 0 11 10 9 8 5 4 13 12 3 2 77 76 71 70 81 80 79 78 75 74 83 82 73 72 35 34 29 28 39 38 37 36 33 32 41 40 31 30 21 20 15 14 25 24 23 22 19 18 27 26 17 16 91 90 85 84 95 94 93 92 89 88 97 96 87 86 63 62 57 56 67 66 65 64 61 60 69 68 59 58
50 51 48 49 54 55 46 47 52 53 44 45 42 43 8 9 6 7 12 13 4 5 10 11 2 3 0 1 78 79 76 77 82 83 74 75 80 81 72 73 70 71 36 37 34 35 40 41 32 33 38 39 30 31 28 29 22 23 20 21 26 27 18 19 24 25 16 17 14 15 92 93 90 91 96 97 88 89 94 95 86 87 84 85 64 65 62 63 68 69 60 61 66 67 58 59 56 57
51 50 49 48 55 54 47 46 53 52 45 44 43 42 9 8 7 6 13 12 5 4 11 10 3 2 1 0 79 78 77 76 83 82 75 74 81 80 73 72 71 70 37 36 35 34 41 40 33 32 39 38 31 30 29 28 23 22 21 20 27 26 19 18 25 24 17 16 15 14 93 92 91 90 97 96 89 88 95 94 87 86 85 84 65 64 63 62 69 68 61 60 67 66 59 58 57 56
10 11 4 5 0 1 12 13 2 3 6 7 8 9 24 25 18 19 14 15 26 27 16 17 20 21 22 23 38 39 32 33 28 29 40 41 30 31 34 35 36 37 52 53 46 47 42 43 54 55 44 45 48 49 50 51 66 67 60 61 56 57 68 69 58 59 62 63 64 65 80 81 74 75 70 71 82 83 72 73 76 77 78 79 94 95 88 89 84 85 96 97 86 87 90 91 92 93
11 10 5 4 1 0 13 12 3 2 7 6 9 8 25 24 19 18 15 14 27 26 17 16 21 20 23 22 39 38 33 32 29 28 41 40 31 30 35 34 37 36 53 52 47 46 43 42 55 54 45 44 49 48 51 50 67 66 61 60 57 56 69 68 59 58 63 62 65 64 81 80 75 74 71 70 83 82 73 72 77 76 79 78 95 94 89 88 85 84 97 96 87 86 91 90 93 92
4 5 8 9 2 3 10 11 12 13 0 1 6 7 18 19 22 23 16 17 24 25 26 27 14 15 20 21 32 33 36 37 30 31 38 39 40 41 28 29 34 35 46 47 50 51 44 45 52 53 54 55 42 43 48 49 60 61 64 65 58 59 66 67 68 69 56 57 62 63 74 75 78 79 72 73 80 81 82 83 70 71 76 77 88 89 92 93 86 87 94 95 96 97 84 85 90 91
5 4 9 8 3 2 11 10 13 12 1 0 7 6 19 18 23 22 17 16 25 24 27 26 15 14 21 20 33 32 37 36 31 30 39 38 41 40 29 28 35 34 47 46 51 50 45 44 53 52 55 54 43 42 49 48 61 60 65 64 59 58 67 66 69 68 57 56 63 62 75 74 79 78 73 72 81 80 83 82 71 70 77 76 89 88 93 92 87 86 95 94 97 96 85 84 91 90
0 1 2 3 4 5 6 7 8 9 10 11 12 13 14 15 16 17 18 19 20 21 22 23 24 25 26 27 28 29 30 31 32 33 34 35 36 37 38 39 40 41 42 43 44 45 46 47 48 49 50 51 52 53 54 55 56 57 58 59 60 61 62 63 64 65 66 67 68 69 70 71 72 73 74 75 76 77 78 79 80 81 82 83 84 85 86 87 88 89 90 91 92 93 94 95 96 97
1 0 3 2 5 4 7 6 9 8 11 10 13 12 15 14 17 16 19 18 21 20 23 22 25 24 27 26 29 28 31 30 33 32 35 34 37 36 39 38 41 40 43 42 45 44 47 46 49 48 51 50 53 52 55 54 57 56 59 58 61 60 63 62 65 64 67 66 69 68 71 70 73 72 75 74 77 76 79 78 81 80 83 82 85 84 87 86 89 88 91 90 93 92 95 94 97 96
12 13 10 11 6 7 2 3 0 1 8 9 4 5 26 27 24 25 20 21 16 17 14 15 22 23 18 19 40 41 38 39 34 35 30 31 28 29 36 37 32 33 54 55 52 53 48 49 44 45 42 43 50 51 46 47 68 69 66 67 62 63 58 59 56 57 64 65 60 61 82 83 80 81 76 77 72 73 70 71 78 79 74 75 96 97 94 95 90 91 86 87 84 85 92 93 88 89
13 12 11 10 7 6 3 2 1 0 9 8 5 4 27 26 25 24 21 20 17 16 15 14 23 22 19 18 41 40 39 38 35 34 31 30 29 28 37 36 33 32 55 54 53 52 49 48 45 44 43 42 51 50 47 46 69 68 67 66 63 62 59 58 57 56 65 64 61 60 83 82 81 80 77 76 73 72 71 70 79 78 75 74 97 96 95 94 91 90 87 86 85 84 93 92 89 88
2 3 12 13 8 9 0 1 6 7 4 5 10 11 16 17 26 27 22 23 14 15 20 21 18 19 24 25 30 31 40 41 36 37 28 29 34 35 32 33 38 39 44 45 54 55 50 51 42 43 48 49 46 47 52 53 58 59 68 69 64 65 56 57 62 63 60 61 66 67 72 73 82 83 78 79 70 71 76 77 74 75 80 81 86 87 96 97 92 93 84 85 90 91 88 89 94 95
3 2 13 12 9 8 1 0 7 6 5 4 11 10 17 16 27 26 23 22 15 14 21 20 19 18 25 24 31 30 41 40 37 36 29 28 35 34 33 32 39 38 45 44 55 54 51 50 43 42 49 48 47 46 53 52 59 58 69 68 65 64 57 56 63 62 61 60 67 66 73 72 83 82 79 78 71 70 77 76 75 74 81 80 87 86 97 96 93 92 85 84 91 90 89 88 95 94
6 7 0 1 10 11 8 9 4 5 12 13 2 3 20 21 14 15 24 25 22 23 18 19 26 27 16 17 34 35 28 29 38 39 36 37 32 33 40 41 30 31 48 49 42 43 52 53 50 51 46 47 54 55 44 45 62 63 56 57 66 67 64 65 60 61 68 69 58 59 76 77 70 71 80 81 78 79 74 75 82 83 72 73 90 91 84 85 94 95 92 93 88 89 96 97 86 87
7 6 1 0 11 10 9 8 5 4 13 12 3 2 21 20 15 14 25 24 23 22 19 18 27 26 17 16 35 34 29 28 39 38 37 36 33 32 41 40 31 30 49 48 43 42 53 52 51 50 47 46 55 54 45 44 63 62 57 56 67 66 65 64 61 60 69 68 59 58 77 76 71 70 81 80 79 78 75 74 83 82 73 72 91 90 85 84 95 94 93 92 89 88 97 96 87 86
8 9 6 7 12 13 4 5 10 11 2 3 0 1 22 23 20 21 26 27 18 19 24 25 16 17 14 15 36 37 34 35 40 41 32 33 38 39 30 31 28 29 50 51 48 49 54 55 46 47 52 53 44 45 42 43 64 65 62 63 68 69 60 61 66 67 58 59 56 57 78 79 76 77 82 83 74 75 80 81 72 73 70 71 92 93 90 91 96 97 88 89 94 95 86 87 84 85
9 8 7 6 13 12 5 4 11 10 3 2 1 0 23 22 21 20 27 26 19 18 25 24 17 16 15 14 37 36 35 34 41 40 33 32 39 38 31 30 29 28 51 50 49 48 55 54 47 46 53 52 45 44 43 42 65 64 63 62 69 68 61 60 67 66 59 58 57 56 79 78 77 76 83 82 75 74 81 80 73 72 71 70 93 92 91 90 97 96 89 88 95 94 87 86 85 84
94 95 88 89 84 85 96 97 86 87 90 91 92 93 80 81 74 75 70 71 82 83 72 73 76 77 78 79 24 25 18 19 14 15 26 27 16 17 20 21 22 23 66 67 60 61 56 57 68 69 58 59 62 63 64 65 38 39 32 33 28 29 40 41 30 31 34 35 36 37 10 11 4 5 0 1 12 13 2 3 6 7 8 9 52 53 46 47 42 43 54 55 44 45 48 49 50 51
95 94 89 88 85 84 97 96 87 86 91 90 93 92 81 80 75 74 71 70 83 82 73 72 77 76 79 78 25 24 19 18 15 14 27 26 17 16 21 20 23 22 67 66 61 60 57 56 69 68 59 58 63 62 65 64 39 38 33 32 29 28 41 40 31 30 35 34 37 36 11 10 5 4 1 0 13 12 3 2 7 6 9 8 53 52 47 46 43 42 55 54 45 44 49 48 51 50
88 89 92 93 86 87 94 95 96 97 84 85 90 91 74 75 78 79 72 73 80 81 82 83 70 71 76 77 18 19 22 23 16 17 24 25 26 27 14 15 20 21 60 61 64 65 58 59 66 67 68 69 56 57 62 63 32 33 36 37 30 31 38 39 40 41 28 29 34 35 4 5 8 9 2 3 10 11 12 13 0 1 6 7 46 47 50 51 44 45 52 53 54 55 42 43 48 49
89 88 93 92 87 86 95 94 97 96 85 84 91 90 75 74 79 78 73 72 81 80 83 82 71 70 77 76 19 18 23 22 17 16 25 24 27 26 15 14 21 20 61 60 65 64 59 58 67 66 69 68 57 56 63 62 33 32 37 36 31 30 39 38 41 40 29 28 35 34 5 4 9 8 3 2 11 10 13 12 1 0 7 6 47 46 51 50 45 44 53 52 55 54 43 42 49 48
84 85 86 87 88 89 90 91 92 93 94 95 96 97 70 71 72 73 74 75 76 77 78 79 80 81 82 83 14 15 16 17 18 19 20 21 22 23 24 25 26 27 56 57 58 59 60 61 62 63 64 65 66 67 68 69 28 29 30 31 32 33 34 35 36 37 38 39 40 41 0 1 2 3 4 5 6 7 8 9 10 11 12 13 42 43 44 45 46 47 48 49 50 51 52 53 54 55
85 84 87 86 89 88 91 90 93 92 95 94 97 96 71 70 73 72 75 74 77 76 79 78 81 80 83 82 15 14 17 16 19 18 21 20 23 22 25 24 27 26 57 56 59 58 61 60 63 62 65 64 67 66 69 68 29 28 31 30 33 32 35 34 37 36 39 38 41 40 1 0 3 2 5 4 7 6 9 8 11 10 13 12 43 42 45 44 47 46 49 48 51 50 53 52 55 54
96 97 94 95 90 91 86 87 84 85 92 93 88 89 82 83 80 81 76 77 72 73 70 71 78 79 74 75 26 27 24 25 20 21 16 17 14 15 22 23 18 19 68 69 66 67 62 63 58 59 56 57 64 65 60 61 40 41 38 39 34 35 30 31 28 29 36 37 32 33 12 13 10 11 6 7 2 3 0 1 8 9 4 5 54 55 52 53 48 49 44 45 42 43 50 51 46 47
97 96 95 94 91 90 87 86 85 84 93 92 89 88 83 82 81 80 77 76 73 72 71 70 79 78 75 74 27 26 25 24 21 20 17 16 15 14 23 22 19 18 69 68 67 66 63 62 59 58 57 56 65 64 61 60 41 40 39 38 35 34 31 30 29 28 37 36 33 32 13 12 11 10 7 6 3 2 1 0 9 8 5 4 55 54 53 52 49 48 45 44 43 42 51 50 47 46
86 87 96 97 92 93 84 85 90 91 88 89 94 95 72 73 82 83 78 79 70 71 76 77 74 75 80 81 16 17 26 27 22 23 14 15 20 21 18 19 24 25 58 59 68 69 64 65 56 57 62 63 60 61 66 67 30 31 40 41 36 37 28 29 34 35 32 33 38 39 2 3 12 13 8 9 0 1 6 7 4 5 10 11 44 45 54 55 50 51 42 43 48 49 46 47 52 53
87 86 97 96 93 92 85 84 91 90 89 88 95 94 73 72 83 82 79 78 71 70 77 76 75 74 81 80 17 16 27 26 23 22 15 14 21 20 19 18 25 24 59 58 69 68 65 64 57 56 63 62 61 60 67 66 31 30 41 40 37 36 29 28 35 34 33 32 39 38 3 2 13 12 9 8 1 0 7 6 5 4 11 10 45 44 55 54 51 50 43 42 49 48 47 46 53 52
90 91 84 85 94 95 92 93 88 89 96 97 86 87 76 77 70 71 80 81 78 79 74 75 82 83 72 73 20 21 14 15 24 25 22 23 18 19 26 27 16 17 62 63 56 57 66 67 64 65 60 61 68 69 58 59 34 35 28 29 38 39 36 37 32 33 40 41 30 31 6 7 0 1 10 11 8 9 4 5 12 13 2 3 48 49 42 43 52 53 50 51 46 47 54 55 44 45
91 90 85 84 95 94 93 92 89 88 97 96 87 86 77 76 71 70 81 80 79 78 75 74 83 82 73 72 21 20 15 14 25 24 23 22 19 18 27 26 17 16 63 62 57 56 67 66 65 64 61 60 69 68 59 58 35 34 29 28 39 38 37 36 33 32 41 40 31 30 7 6 1 0 11 10 9 8 5 4 13 12 3 2 49 48 43 42 53 52 51 50 47 46 55 54 45 44
92 93 90 91 96 97 88 89 94 95 86 87 84 85 78 79 76 77 82 83 74 75 80 81 72 73 70 71 22 23 20 21 26 27 18 19 24 25 16 17 14 15 64 65 62 63 68 69 60 61 66 67 58 59 56 57 36 37 34 35 40 41 32 33 38 39 30 31 28 29 8 9 6 7 12 13 4 5 10 11 2 3 0 1 50 51 48 49 54 55 46 47 52 53 44 45 42 43
93 92 91 90 97 96 89 88 95 94 87 86 85 84 79 78 77 76 83 82 75 74 81 80 73 72 71 70 23 22 21 20 27 26 19 18 25 24 17 16 15 14 65 64 63 62 69 68 61 60 67 66 59 58 57 56 37 36 35 34 41 40 33 32 39 38 31 30 29 28 9 8 7 6 13 12 5 4 11 10 3 2 1 0 51 50 49 48 55 54 47 46 53 52 45 44 43 42
38 39 32 33 28 29 40 41 30 31 34 35 36 37 52 53 46 47 42 43 54 55 44 45 48 49 50 51 94 95 88 89 84 85 96 97 86 87 90 91 92 93 80 81 74 75 70 71 82 83 72 73 76 77 78 79 10 11 4 5 0 1 12 13 2 3 6 7 8 9 66 67 60 61 56 57 68 69 58 59 62 63 64 65 24 25 18 19 14 15 26 27 16 17 20 21 22 23
39 38 33 32 29 28 41 40 31 30 35 34 37 36 53 52 47 46 43 42 55 54 45 44 49 48 51 50 95 94 89 88 85 84 97 96 87 86 91 90 93 92 81 80 75 74 71 70 83 82 73 72 77 76 79 78 11 10 5 4 1 0 13 12 3 2 7 6 9 8 67 66 61 60 57 56 69 68 59 58 63 62 65 64 25 24 19 18 15 14 27 26 17 16 21 20 23 22
32 33 36 37 30 31 38 39 40 41 28 29 34 35 46 47 50 51 44 45 52 53 54 55 42 43 48 49 88 89 92 93 86 87 94 95 96 97 84 85 90 91 74 75 78 79 72 73 80 81 82 83 70 71 76 77 4 5 8 9 2 3 10 11 12 13 0 1 6 7 60 61 64 65 58 59 66 67 68 69 56 57 62 63 18 19 22 23 16 17 24 25 26 27 14 15 20 21
33 32 37 36 31 30 39 38 41 40 29 28 35 34 47 46 51 50 45 44 53 52 55 54 43 42 49 48 89 88 93 92 87 86 95 94 97 96 85 84 91 90 75 74 79 78 73 72 81 80 83 82 71 70 77 76 5 4 9 8 3 2 11 10 13 12 1 0 7 6 61 60 65 64 59 58 67 66 69 68 57 56 63 62 19 18 23 22 17 16 25 24 27 26 15 14 21 20
28 29 30 31 32 33 34 35 36 37 38 39 40 41 42 43 44 45 46 47 48 49 50 51 52 53 54 55 84 85 86 87 88 89 90 91 92 93 94 95 96 97 70 71 72 73 74 75 76 77 78 79 80 81 82 83 0 1 2 3 4 5 6 7 8 9 10 11 12 13 56 57 58 59 60 61 62 63 64 65 66 67 68 69 14 15 16 17 18 19 20 21 22 23 24 25 26 27
29 28 31 30 33 32 35 34 37 36 39 38 41 40 43 42 45 44 47 46 49 48 51 50 53 52 55 54 85 84 87 86 89 88 91 90 93 92 95 94 97 96 71 70 73 72 75 74 77 76 79 78 81 80 83 82 1 0 3 2 5 4 7 6 9 8 11 10 13 12 57 56 59 58 61 60 63 62 65 64 67 66 69 68 15 14 17 16 19 18 21 20 23 22 25 24 27 26
40 41 38 39 34 35 30 31 28 29 36 37 32 33 54 55 52 53 48 49 44 45 42 43 50 51 46 47 96 97 94 95 90 91 86 87 84 85 92 93 88 89 82 83 80 81 76 77 72 73 70 71 78 79 74 75 12 13 10 11 6 7 2 3 0 1 8 9 4 5 68 69 66 67 62 63 58 59 56 57 64 65 60 61 26 27 24 25 20 21 16 17 14 15 22 23 18 19
41 40 39 38 35 34 31 30 29 28 37 36 33 32 55 54 53 52 49 48 45 44 43 42 51 50 47 46 97 96 95 94 91 90 87 86 85 84 93 92 89 88 83 82 81 80 77 76 73 72 71 70 79 78 75 74 13 12 11 10 7 6 3 2 1 0 9 8 5 4 69 68 67 66 63 62 59 58 57 56 65 64 61 60 27 26 25 24 21 20 17 16 15 14 23 22 19 18
30 31 40 41 36 37 28 29 34 35 32 33 38 39 44 45 54 55 50 51 42 43 48 49 46 47 52 53 86 87 96 97 92 93 84 85 90 91 88 89 94 95 72 73 82 83 78 79 70 71 76 77 74 75 80 81 2 3 12 13 8 9 0 1 6 7 4 5 10 11 58 59 68 69 64 65 56 57 62 63 60 61 66 67 16 17 26 27 22 23 14 15 20 21 18 19 24 25
31 30 41 40 37 36 29 28 35 34 33 32 39 38 45 44 55 54 51 50 43 42 49 48 47 46 53 52 87 86 97 96 93 92 85 84 91 90 89 88 95 94 73 72 83 82 79 78 71 70 77 76 75 74 81 80 3 2 13 12 9 8 1 0 7 6 5 4 11 10 59 58 69 68 65 64 57 56 63 62 61 60 67 66 17 16 27 26 23 22 15 14 21 20 19 18 25 24
34 35 28 29 38 39 36 37 32 33 40 41 30 31 48 49 42 43 52 53 50 51 46 47 54 55 44 45 90 91 84 85 94 95 92 93 88 89 96 97 86 87 76 77 70 71 80 81 78 79 74 75 82 83 72 73 6 7 0 1 10 11 8 9 4 5 12 13 2 3 62 63 56 57 66 67 64 65 60 61 68 69 58 59 20 21 14 15 24 25 22 23 18 19 26 27 16 17
35 34 29 28 39 38 37 36 33 32 41 40 31 30 49 48 43 42 53 52 51 50 47 46 55 54 45 44 91 90 85 84 95 94 93 92 89 88 97 96 87 86 77 76 71 70 81 80 79 78 75 74 83 82 73 72 7 6 1 0 11 10 9 8 5 4 13 12 3 2 63 62 57 56 67 66 65 64 61 60 69 68 59 58 21 20 15 14 25 24 23 22 19 18 27 26 17 16
36 37 34 35 40 41 32 33 38 39 30 31 28 29 50 51 48 49 54 55 46 47 52 53 44 45 42 43 92 93 90 91 96 97 88 89 94 95 86 87 84 85 78 79 76 77 82 83 74 75 80 81 72 73 70 71 8 9 6 7 12 13 4 5 10 11 2 3 0 1 64 65 62 63 68 69 60 61 66 67 58 59 56 57 22 23 20 21 26 27 18 19 24 25 16 17 14 15
37 36 35 34 41 40 33 32 39 38 31 30 29 28 51 50 49 48 55 54 47 46 53 52 45 44 43 42 93 92 91 90 97 96 89 88 95 94 87 86 85 84 79 78 77 76 83 82 75 74 81 80 73 72 71 70 9 8 7 6 13 12 5 4 11 10 3 2 1 0 65 64 63 62 69 68 61 60 67 66 59 58 57 56 23 22 21 20 27 26 19 18 25 24 17 16 15 14
80 81 74 75 70 71 82 83 72 73 76 77 78 79 38 39 32 33 28 29 40 41 30 31 34 35 36 37 66 67 60 61 56 57 68 69 58 59 62 63 64 65 94 95 88 89 84 85 96 97 86 87 90 91 92 93 52 53 46 47 42 43 54 55 44 45 48 49 50 51 24 25 18 19 14 15 26 27 16 17 20 21 22 23 10 11 4 5 0 1 12 13 2 3 6 7 8 9
81 80 75 74 71 70 83 82 73 72 77 76 79 78 39 38 33 32 29 28 41 40 31 30 35 34 37 36 67 66 61 60 57 56 69 68 59 58 63 62 65 64 95 94 89 88 85 84 97 96 87 86 91 90 93 92 53 52 47 46 43 42 55 54 45 44 49 48 51 50 25 24 19 18 15 14 27 26 17 16 21 20 23 22 11 10 5 4 1 0 13 12 3 2 7 6 9 8
74 75 78 79 72 73 80 81 82 83 70 71 76 77 32 33 36 37 30 31 38 39 40 41 28 29 34 35 60 61 64 65 58 59 66 67 68 69 56 57 62 63 88 89 92 93 86 87 94 95 96 97 84 85 90 91 46 47 50 51 44 45 52 53 54 55 42 43 48 49 18 19 22 23 16 17 24 25 26 27 14 15 20 21 4 5 8 9 2 3 10 11 12 13 0 1 6 7
75 74 79 78 73 72 81 80 83 82 71 70 77 76 33 32 37 36 31 30 39 38 41 40 29 28 35 34 61 60 65 64 59 58 67 66 69 68 57 56 63 62 89 88 93 92 87 86 95 94 97 96 85 84 91 90 47 46 51 50 45 44 53 52 55 54 43 42 49 48 19 18 23 22 17 16 25 24 27 26 15 14 21 20 5 4 9 8 3 2 11 10 13 12 1 0 7 6
70 71 72 73 74 75 76 77 78 79 80 81 82 83 28 29 30 31 32 33 34 35 36 37 38 39 40 41 56 57 58 59 60 61 62 63 64 65 66 67 68 69 84 85 86 87 88 89 90 91 92 93 94 95 96 97 42 43 44 45 46 47 48 49 50 51 52 53 54 55 14 15 16 17 18 19 20 21 22 23 24 25 26 27 0 1 2 3 4 5 6 7 8 9 10 11 12 13
71 70 73 72 75 74 77 76 79 78 81 80 83 82 29 28 31 30 33 32 35 34 37 36 39 38 41 40 57 56 59 58 61 60 63 62 65 64 67 66 69 68 85 84 87 86 89 88 91 90 93 92 95 94 97 96 43 42 45 44 47 46 49 48 51 50 53 52 55 54 15 14 17 16 19 18 21 20 23 22 25 24 27 26 1 0 3 2 5 4 7 6 9 8 11 10 13 12
82 83 80 81 76 77 72 73 70 71 78 79 74 75 40 41 38 39 34 35 30 31 28 29 36 37 32 33 68 69 66 67 62 63 58 59 56 57 64 65 60 61 96 97 94 95 90 91 86 87 84 85 92 93 88 89 54 55 52 53 48 49 44 45 42 43 50 51 46 47 26 27 24 25 20 21 16 17 14 15 22 23 18 19 12 13 10 11 6 7 2 3 0 1 8 9 4 5
83 82 81 80 77 76 73 72 71 70 79 78 75 74 41 40 39 38 35 34 31 30 29 28 37 36 33 32 69 68 67 66 63 62 59 58 57 56 65 64 61 60 97 96 95 94 91 90 87 86 85 84 93 92 89 88 55 54 53 52 49 48 45 44 43 42 51 50 47 46 27 26 25 24 21 20 17 16 15 14 23 22 19 18 13 12 11 10 7 6 3 2 1 0 9 8 5 4
72 73 82 83 78 79 70 71 76 77 74 75 80 81 30 31 40 41 36 37 28 29 34 35 32 33 38 39 58 59 68 69 64 65 56 57 62 63 60 61 66 67 86 87 96 97 92 93 84 85 90 91 88 89 94 95 44 45 54 55 50 51 42 43 48 49 46 47 52 53 16 17 26 27 22 23 14 15 20 21 18 19 24 25 2 3 12 13 8 9 0 1 6 7 4 5 10 11
73 72 83 82 79 78 71 70 77 76 75 74 81 80 31 30 41 40 37 36 29 28 35 34 33 32 39 38 59 58 69 68 65 64 57 56 63 62 61 60 67 66 87 86 97 96 93 92 85 84 91 90 89 88 95 94 45 44 55 54 51 50 43 42 49 48 47 46 53 52 17 16 27 26 23 22 15 14 21 20 19 18 25 24 3 2 13 12 9 8 1 0 7 6 5 4 11 10
76 77 70 71 80 81 78 79 74 75 82 83 72 73 34 35 28 29 38 39 36 37 32 33 40 41 30 31 62 63 56 57 66 67 64 65 60 61 68 69 58 59 90 91 84 85 94 95 92 93 88 89 96 97 86 87 48 49 42 43 52 53 50 51 46 47 54 55 44 45 20 21 14 15 24 25 22 23 18 19 26 27 16 17 6 7 0 1 10 11 8 9 4 5 12 13 2 3
77 76 71 70 81 80 79 78 75 74 83 82 73 72 35 34 29 28 39 38 37 36 33 32 41 40 31 30 63 62 57 56 67 66 65 64 61 60 69 68 59 58 91 90 85 84 95 94 93 92 89 88 97 96 87 86 49 48 43 42 53 52 51 50 47 46 55 54 45 44 21 20 15 14 25 24 23 22 19 18 27 26 17 16 7 6 1 0 11 10 9 8 5 4 13 12 3 2
78 79 76 77 82 83 74 75 80 81 72 73 70 71 36 37 34 35 40 41 32 33 38 39 30 31 28 29 64 65 62 63 68 69 60 61 66 67 58 59 56 57 92 93 90 91 96 97 88 89 94 95 86 87 84 85 50 51 48 49 54 55 46 47 52 53 44 45 42 43 22 23 20 21 26 27 18 19 24 25 16 17 14 15 8 9 6 7 12 13 4 5 10 11 2 3 0 1
79 78 77 76 83 82 75 74 81 80 73 72 71 70 37 36 35 34 41 40 33 32 39 38 31 30 29 28 65 64 63 62 69 68 61 60 67 66 59 58 57 56 93 92 91 90 97 96 89 88 95 94 87 86 85 84 51 50 49 48 55 54 47 46 53 52 45 44 43 42 23 22 21 20 27 26 19 18 25 24 17 16 15 14 9 8 7 6 13 12 5 4 11 10 3 2 1 0
291
142 1 2
232 1 2
249 142 72
231 142 86
91 232 31
34 232 45
51 249 20
109 249 63
44 231 92
35 231 55
288 91 73
256 91 60
154 34 79
90 34 9
190 51 70
221 51 40
52 109 67
262 109 18
197 44 71
11 44 66
238 35 58
43 35 60
144 288 79
33 288 1
37 256 48
250 256 57
157 154 87
74 154 48
88 90 43
126 90 96
100 190 71
36 190 14
20 221 60
14 221 56
289 52 79
9 52 5
94 262 89
114 262 31
273 197 55
2 197 97
230 11 6
188 11 48
48 238 42
139 238 37
122 43 44
115 43 63
102 144 82
99 144 46
253 33 59
151 33 76
134 37 73
80 37 9
31 250 71
59 250 89
162 157 50
57 157 94
111 74 69
119 74 37
208 88 55
239 88 71
96 126 89
172 126 61
118 100 60
205 100 44
147 36 13
241 36 14
79 20 47
212 20 60
65 14 42
278 14 53
272 289 36
210 289 71
177 9 54
136 9 17
285 94 93
5 94 32
170 114 65
106 114 87
116 273 28
153 273 71
280 2 7
152 2 66
49 230 56
223 230 29
105 188 61
32 188 54
201 48 90
135 48 13
195 139 1
173 139 63
137 122 50
163 122 18
165 115 19
19 115 16
4 102 79
259 124 43
124 252 10
252 198 14
198 149 7
149 174 46
174 127 5
127 123 66
123 235 88
235 218 10
218 17 70
17 27 61
27 29 28
29 141 75
141 150 52
150 130 88
130 145 33
145 95 23
95 16 90
16 13 77
13 265 71
265 281 67
281 45 19
45 233 94
233 193 73
193 220 46
220 24 79
24 224 15
224 277 22
277 75 64
75 219 3
219 158 54
158 107 21
107 12 54
12 217 35
217 25 13
25 108 0
108 234 5
234 194 34
194 140 57
140 103 52
103 216 52
216 121 92
121 209 1
209 112 21
112 155 26
155 148 62
148 271 61
167 40 81
40 131 95
131 73 50
73 138 89
138 207 28
207 71 30
71 186 50
186 246 81
246 7 53
7 236 82
236 248 8
248 159 24
159 66 4
66 266 95
266 93 92
93 68 36
68 98 43
98 69 43
69 128 32
128 120 49
120 58 19
58 56 74
56 215 64
215 77 79
77 60 50
60 275 7
275 85 12
85 180 21
180 279 54
279 15 21
15 70 13
70 243 26
243 245 42
245 46 57
46 227 40
227 54 34
54 117 43
117 291 22
291 76 76
76 199 57
199 283 58
283 185 24
185 39 82
39 192 73
192 125 25
125 42 56
42 261 31
261 101 47
101 178 35
1 259 75
1 167 7
203 276 1
203 263 85
276 62 82
276 132 82
263 240 36
263 64 56
62 189 65
62 84 86
132 23 26
132 169 29
240 143 6
240 257 26
64 179 32
64 213 29
189 206 29
189 258 25
84 113 45
84 247 74
52 84 47
104 166 28
104 251 87
104 47 80
104 225 36
104 55 90
104 171 8
104 87 35
104 133 55
104 92 32
116 171 50
287 50 29
287 30 76
287 168 78
50 184 74
50 8 54
50 211 71
8 268 78
50 290 2
290 89 71
290 78 0
50 97 43
30 160 72
268 175 61
175 264 6
268 21 46
290 182 66
175 269 49
290 260 59
175 183 43
78 286 90
279 211 75
214 200 45
214 196 14
214 237 4
237 254 92
214 41 52
254 204 68
204 255 71
204 191 18
196 270 63
41 229 30
255 86 65
196 3 31
237 274 84
3 22 61
41 67 96
214 176 44
255 161 69
204 129 18
176 202 53
129 164 58
3 18 78
240 86 20
63 226 1
63 83 15
226 81 77
226 10 1
83 242 19
83 53 38
81 26 37
81 284 59
10 82 20
10 222 12
242 181 40
242 72 71
53 110 6
53 244 47
26 28 22
26 156 95
284 187 27
284 228 52
82 38 68
82 6 26
222 282 35
222 146 34
181 61 19
181 267 89
195 282 1
0 31 67 92 226 28 0 0 140 47 138 273 152 234 0 280 272 179 158 108 70 41 176 195 36 267 177 6 136 168 2 233 0 0 236 25 90 55 0 52 22 160 71 246 105 0 10 112 265 0 64 40 0 0 38 0 208 0 102 0 110 0 81 51 123 231 3 0 0 21 43 244 197 259 163 183 0 89 174 111 63 228 0 0 0 0 144 0 78 37 0 4 0 103 153 154 101 0 119 217 97 59 94 0 45 130 287 20 186 61 80 48 132 216 148 124 0 145 99 0 230 225 65 116 0 0 212 0 206 106 221 113 0 157 220 29 277 11 155 9 285 0 151 87 118 187 198 115 241 170 143 13 95 96 139 250 134 19 235 42 204 253 75 200 219 213 262 30 202 150 0 239 224 79 0 23 27 0 18 0 258 260 76 268 0 109 146 209 203 271 229 0 201 289 24 0 73 147 0 164 193 169 189 161 252 129 238 57 188 247 0 127 166 274 0 114 100 278 165 135 131 251 281 173 122 5 0 82 191 121 66 0 32 14 159 35 0 207 172 0 149 284 0 72 0 44 210 249 248 156 222 205 162 0 257 288 255 181 74 182 0 167 0 286 49 0 26 184 0 282 190 17 12 214 0 0 137 218 0 16 223 270 0 242 141 264 107 256 194 0 0
