B
64
0 1 2 3 4 5 6 7 8 9 10 11 12 13 14 15 16 17 18 19 20 21 22 23 24 25 26 27 28 29 30 31 32 33 34 35 36 37 38 39 40 41 42 43 44 45 46 47 48 49 50 51 52 53 54 55 56 57 58 59 60 61 62 63
1 0 3 2 5 4 7 6 9 8 11 10 13 12 15 14 17 16 19 18 21 20 23 22 25 24 27 26 29 28 31 30 33 32 35 34 37 36 39 38 41 40 43 42 45 44 47 46 49 48 51 50 53 52 55 54 57 56 59 58 61 60 63 62
2 3 0 1 6 7 4 5 10 11 8 9 14 15 12 13 18 19 16 17 22 23 20 21 26 27 24 25 30 31 28 29 34 35 32 33 38 39 36 37 42 43 40 41 46 47 44 45 50 51 48 49 54 55 52 53 58 59 56 57 62 63 60 61
3 2 1 0 7 6 5 4 11 10 9 8 15 14 13 12 19 18 17 16 23 22 21 20 27 26 25 24 31 30 29 28 35 34 33 32 39 38 37 36 43 42 41 40 47 46 45 44 51 50 49 48 55 54 53 52 59 58 57 56 63 62 61 60
4 5 6 7 0 1 2 3 12 13 14 15 8 9 10 11 20 21 22 23 16 17 18 19 28 29 30 31 24 25 26 27 36 37 38 39 32 33 34 35 44 45 46 47 40 41 42 43 52 53 54 55 48 49 50 51 60 61 62 63 56 57 58 59
5 4 7 6 1 0 3 2 13 12 15 14 9 8 11 10 21 20 23 22 17 16 19 18 29 28 31 30 25 24 27 26 37 36 39 38 33 32 35 34 45 44 47 46 41 40 43 42 53 52 55 54 49 48 51 50 61 60 63 62 57 56 59 58
6 7 4 5 2 3 0 1 14 15 12 13 10 11 8 9 22 23 20 21 18 19 16 17 30 31 28 29 26 27 24 25 38 39 36 37 34 35 32 33 46 47 44 45 42 43 40 41 54 55 52 53 50 51 48 49 62 63 60 61 58 59 56 57
7 6 5 4 3 2 1 0 15 14 13 12 11 10 9 8 23 22 21 20 19 18 17 16 31 30 29 28 27 26 25 24 39 38 37 36 35 34 33 32 47 46 45 44 43 42 41 40 55 54 53 52 51 50 49 48 63 62 61 60 59 58 57 56
8 9 10 11 12 13 14 15 0 1 2 3 4 5 6 7 24 25 26 27 28 29 30 31 16 17 18 19 20 21 22 23 40 41 42 43 44 45 46 47 32 33 34 35 36 37 38 39 56 57 58 59 60 61 62 63 48 49 50 51 52 53 54 55
9 8 11 10 13 12 15 14 1 0 3 2 5 4 7 6 25 24 27 26 29 28 31 30 17 16 19 18 21 20 23 22 41 40 43 42 45 44 47 46 33 32 35 34 37 36 39 38 57 56 59 58 61 60 63 62 49 48 51 50 53 52 55 54
10 11 8 9 14 15 12 13 2 3 0 1 6 7 4 5 26 27 24 25 30 31 28 29 18 19 16 17 22 23 20 21 42 43 40 41 46 47 44 45 34 35 32 33 38 39 36 37 58 59 56 57 62 63 60 61 50 51 48 49 54 55 52 53
11 10 9 8 15 14 13 12 3 2 1 0 7 6 5 4 27 26 25 24 31 30 29 28 19 18 17 16 23 22 21 20 43 42 41 40 47 46 45 44 35 34 33 32 39 38 37 36 59 58 57 56 63 62 61 60 51 50 49 48 55 54 53 52
12 13 14 15 8 9 10 11 4 5 6 7 0 1 2 3 28 29 30 31 24 25 26 27 20 21 22 23 16 17 18 19 44 45 46 47 40 41 42 43 36 37 38 39 32 33 34 35 60 61 62 63 56 57 58 59 52 53 54 55 48 49 50 51
13 12 15 14 9 8 11 10 5 4 7 6 1 0 3 2 29 28 31 30 25 24 27 26 21 20 23 22 17 16 19 18 45 44 47 46 41 40 43 42 37 36 39 38 33 32 35 34 61 60 63 62 57 56 59 58 53 52 55 54 49 48 51 50
14 15 12 13 10 11 8 9 6 7 4 5 2 3 0 1 30 31 28 29 26 27 24 25 22 23 20 21 18 19 16 17 46 47 44 45 42 43 40 41 38 39 36 37 34 35 32 33 62 63 60 61 58 59 56 57 54 55 52 53 50 51 48 49
15 14 13 12 11 10 9 8 7 6 5 4 3 2 1 0 31 30 29 28 27 26 25 24 23 22 21 20 19 18 17 16 47 46 45 44 43 42 41 40 39 38 37 36 35 34 33 32 63 62 61 60 59 58 57 56 55 54 53 52 51 50 49 48
16 17 18 19 20 21 22 23 24 25 26 27 28 29 30 31 0 1 2 3 4 5 6 7 8 9 10 11 12 13 14 15 48 49 50 51 52 53 54 55 56 57 58 59 60 61 62 63 32 33 34 35 36 37 38 39 40 41 42 43 44 45 46 47
17 16 19 18 21 20 23 22 25 24 27 26 29 28 31 30 1 0 3 2 5 4 7 6 9 8 11 10 13 12 15 14 49 48 51 50 53 52 55 54 57 56 59 58 61 60 63 62 33 32 35 34 37 36 39 38 41 40 43 42 45 44 47 46
18 19 16 17 22 23 20 21 26 27 24 25 30 31 28 29 2 3 0 1 6 7 4 5 10 11 8 9 14 15 12 13 50 51 48 49 54 55 52 53 58 59 56 57 62 63 60 61 34 35 32 33 38 39 36 37 42 43 40 41 46 47 44 45
19 18 17 16 23 22 21 20 27 26 25 24 31 30 29 28 3 2 1 0 7 6 5 4 11 10 9 8 15 14 13 12 51 50 49 48 55 54 53 52 59 58 57 56 63 62 61 60 35 34 33 32 39 38 37 36 43 42 41 40 47 46 45 44
20 21 22 23 16 17 18 19 28 29 30 31 24 25 26 27 4 5 6 7 0 1 2 3 12 13 14 15 8 9 10 11 52 53 54 55 48 49 50 51 60 61 62 63 56 57 58 59 36 37 38 39 32 33 34 35 44 45 46 47 40 41 42 43
21 20 23 22 17 16 19 18 29 28 31 30 25 24 27 26 5 4 7 6 1 0 3 2 13 12 15 14 9 8 11 10 53 52 55 54 49 48 51 50 61 60 63 62 57 56 59 58 37 36 39 38 33 32 35 34 45 44 47 46 41 40 43 42
22 23 20 21 18 19 16 17 30 31 28 29 26 27 24 25 6 7 4 5 2 3 0 1 14 15 12 13 10 11 8 9 54 55 52 53 50 51 48 49 62 63 60 61 58 59 56 57 38 39 36 37 34 35 32 33 46 47 44 45 42 43 40 41
23 22 21 20 19 18 17 16 31 30 29 28 27 26 25 24 7 6 5 4 3 2 1 0 15 14 13 12 11 10 9 8 55 54 53 52 51 50 49 48 63 62 61 60 59 58 57 56 39 38 37 36 35 34 33 32 47 46 45 44 43 42 41 40
24 25 26 27 28 29 30 31 16 17 18 19 20 21 22 23 8 9 10 11 12 13 14 15 0 1 2 3 4 5 6 7 56 57 58 59 60 61 62 63 48 49 50 51 52 53 54 55 40 41 42 43 44 45 46 47 32 33 34 35 36 37 38 39
25 24 27 26 29 28 31 30 17 16 19 18 21 20 23 22 9 8 11 10 13 12 15 14 1 0 3 2 5 4 7 6 57 56 59 58 61 60 63 62 49 48 51 50 53 52 55 54 41 40 43 42 45 44 47 46 33 32 35 34 37 36 39 38
26 27 24 25 30 31 28 29 18 19 16 17 22 23 20 21 10 11 8 9 14 15 12 13 2 3 0 1 6 7 4 5 58 59 56 57 62 63 60 61 50 51 48 49 54 55 52 53 42 43 40 41 46 47 44 45 34 35 32 33 38 39 36 37
27 26 25 24 31 30 29 28 19 18 17 16 23 22 21 20 11 10 9 8 15 14 13 12 3 2 1 0 7 6 5 4 59 58 57 56 63 62 61 60 51 50 49 48 55 54 53 52 43 42 41 40 47 46 45 44 35 34 33 32 39 38 37 36
28 29 30 31 24 25 26 27 20 21 22 23 16 17 18 19 12 13 14 15 8 9 10 11 4 5 6 7 0 1 2 3 60 61 62 63 56 57 58 59 52 53 54 55 48 49 50 51 44 45 46 47 40 41 42 43 36 37 38 39 32 33 34 35
29 28 31 30 25 24 27 26 21 20 23 22 17 16 19 18 13 12 15 14 9 8 11 10 5 4 7 6 1 0 3 2 61 60 63 62 57 56 59 58 53 52 55 54 49 48 51 50 45 44 47 46 41 40 43 42 37 36 39 38 33 32 35 34
30 31 28 29 26 27 24 25 22 23 20 21 18 19 16 17 14 15 12 13 10 11 8 9 6 7 4 5 2 3 0 1 62 63 60 61 58 59 56 57 54 55 52 53 50 51 48 49 46 47 44 45 42 43 40 41 38 39 36 37 34 35 32 33
31 30 29 28 27 26 25 24 23 22 21 20 19 18 17 16 15 14 13 12 11 10 9 8 7 6 5 4 3 2 1 0 63 62 61 60 59 58 57 56 55 54 53 52 51 50 49 48 47 46 45 44 43 42 41 40 39 38 37 36 35 34 33 32
32 33 34 35 36 37 38 39 40 41 42 43 44 45 46 47 48 49 50 51 52 53 54 55 56 57 58 59 60 61 62 63 0 1 2 3 4 5 6 7 8 9 10 11 12 13 14 15 16 17 18 19 20 21 22 23 24 25 26 27 28 29 30 31
33 32 35 34 37 36 39 38 41 40 43 42 45 44 47 46 49 48 51 50 53 52 55 54 57 56 59 58 61 60 63 62 1 0 3 2 5 4 7 6 9 8 11 10 13 12 15 14 17 16 19 18 21 20 23 22 25 24 27 26 29 28 31 30
34 35 32 33 38 39 36 37 42 43 40 41 46 47 44 45 50 51 48 49 54 55 52 53 58 59 56 57 62 63 60 61 2 3 0 1 6 7 4 5 10 11 8 9 14 15 12 13 18 19 16 17 22 23 20 21 26 27 24 25 30 31 28 29
35 34 33 32 39 38 37 36 43 42 41 40 47 46 45 44 51 50 49 48 55 54 53 52 59 58 57 56 63 62 61 60 3 2 1 0 7 6 5 4 11 10 9 8 15 14 13 12 19 18 17 16 23 22 21 20 27 26 25 24 31 30 29 28
36 37 38 39 32 33 34 35 44 45 46 47 40 41 42 43 52 53 54 55 48 49 50 51 60 61 62 63 56 57 58 59 4 5 6 7 0 1 2 3 12 13 14 15 8 9 10 11 20 21 22 23 16 17 18 19 28 29 30 31 24 25 26 27
37 36 39 38 33 32 35 34 45 44 47 46 41 40 43 42 53 52 55 54 49 48 51 50 61 60 63 62 57 56 59 58 5 4 7 6 1 0 3 2 13 12 15 14 9 8 11 10 21 20 23 22 17 16 19 18 29 28 31 30 25 24 27 26
38 39 36 37 34 35 32 33 46 47 44 45 42 43 40 41 54 55 52 53 50 51 48 49 62 63 60 61 58 59 56 57 6 7 4 5 2 3 0 1 14 15 12 13 10 11 8 9 22 23 20 21 18 19 16 17 30 31 28 29 26 27 24 25
39 38 37 36 35 34 33 32 47 46 45 44 43 42 41 40 55 54 53 52 51 50 49 48 63 62 61 60 59 58 57 56 7 6 5 4 3 2 1 0 15 14 13 12 11 10 9 8 23 22 21 20 19 18 17 16 31 30 29 28 27 26 25 24
40 41 42 43 44 45 46 47 32 33 34 35 36 37 38 39 56 57 58 59 60 61 62 63 48 49 50 51 52 53 54 55 8 9 10 11 12 13 14 15 0 1 2 3 4 5 6 7 24 25 26 27 28 29 30 31 16 17 18 19 20 21 22 23
41 40 43 42 45 44 47 46 33 32 35 34 37 36 39 38 57 56 59 58 61 60 63 62 49 48 51 50 53 52 55 54 9 8 11 10 13 12 15 14 1 0 3 2 5 4 7 6 25 24 27 26 29 28 31 30 17 16 19 18 21 20 23 22
42 43 40 41 46 47 44 45 34 35 32 33 38 39 36 37 58 59 56 57 62 63 60 61 50 51 48 49 54 55 52 53 10 11 8 9 14 15 12 13 2 3 0 1 6 7 4 5 26 27 24 25 30 31 28 29 18 19 16 17 22 23 20 21
43 42 41 40 47 46 45 44 35 34 33 32 39 38 37 36 59 58 57 56 63 62 61 60 51 50 49 48 55 54 53 52 11 10 9 8 15 14 13 12 3 2 1 0 7 6 5 4 27 26 25 24 31 30 29 28 19 18 17 16 23 22 21 20
44 45 46 47 40 41 42 43 36 37 38 39 32 33 34 35 60 61 62 63 56 57 58 59 52 53 54 55 48 49 50 51 12 13 14 15 8 9 10 11 4 5 6 7 0 1 2 3 28 29 30 31 24 25 26 27 20 21 22 23 16 17 18 19
45 44 47 46 41 40 43 42 37 36 39 38 33 32 35 34 61 60 63 62 57 56 59 58 53 52 55 54 49 48 51 50 13 12 15 14 9 8 11 10 5 4 7 6 1 0 3 2 29 28 31 30 25 24 27 26 21 20 23 22 17 16 19 18
46 47 44 45 42 43 40 41 38 39 36 37 34 35 32 33 62 63 60 61 58 59 56 57 54 55 52 53 50 51 48 49 14 15 12 13 10 11 8 9 6 7 4 5 2 3 0 1 30 31 28 29 26 27 24 25 22 23 20 21 18 19 16 17
47 46 45 44 43 42 41 40 39 38 37 36 35 34 33 32 63 62 61 60 59 58 57 56 55 54 53 52 51 50 49 48 15 14 13 12 11 10 9 8 7 6 5 4 3 2 1 0 31 30 29 28 27 26 25 24 23 22 21 20 19 18 17 16
48 49 50 51 52 53 54 55 56 57 58 59 60 61 62 63 32 33 34 35 36 37 38 39 40 41 42 43 44 45 46 47 16 17 18 19 20 21 22 23 24 25 26 27 28 29 30 31 0 1 2 3 4 5 6 7 8 9 10 11 12 13 14 15
49 48 51 50 53 52 55 54 57 56 59 58 61 60 63 62 33 32 35 34 37 36 39 38 41 40 43 42 45 44 47 46 17 16 19 18 21 20 23 22 25 24 27 26 29 28 31 30 1 0 3 2 5 4 7 6 9 8 11 10 13 12 15 14
50 51 48 49 54 55 52 53 58 59 56 57 62 63 60 61 34 35 32 33 38 39 36 37 42 43 40 41 46 47 44 45 18 19 16 17 22 23 20 21 26 27 24 25 30 31 28 29 2 3 0 1 6 7 4 5 10 11 8 9 14 15 12 13
51 50 49 48 55 54 53 52 59 58 57 56 63 62 61 60 35 34 33 32 39 38 37 36 43 42 41 40 47 46 45 44 19 18 17 16 23 22 21 20 27 26 25 24 31 30 29 28 3 2 1 0 7 6 5 4 11 10 9 8 15 14 13 12
52 53 54 55 48 49 50 51 60 61 62 63 56 57 58 59 36 37 38 39 32 33 34 35 44 45 46 47 40 41 42 43 20 21 22 23 16 17 18 19 28 29 30 31 24 25 26 27 4 5 6 7 0 1 2 3 12 13 14 15 8 9 10 11
53 52 55 54 49 48 51 50 61 60 63 62 57 56 59 58 37 36 39 38 33 32 35 34 45 44 47 46 41 40 43 42 21 20 23 22 17 16 19 18 29 28 31 30 25 24 27 26 5 4 7 6 1 0 3 2 13 12 15 14 9 8 11 10
54 55 52 53 50 51 48 49 62 63 60 61 58 59 56 57 38 39 36 37 34 35 32 33 46 47 44 45 42 43 40 41 22 23 20 21 18 19 16 17 30 31 28 29 26 27 24 25 6 7 4 5 2 3 0 1 14 15 12 13 10 11 8 9
55 54 53 52 51 50 49 48 63 62 61 60 59 58 57 56 39 38 37 36 35 34 33 32 47 46 45 44 43 42 41 40 23 22 21 20 19 18 17 16 31 30 29 28 27 26 25 24 7 6 5 4 3 2 1 0 15 14 13 12 11 10 9 8
56 57 58 59 60 61 62 63 48 49 50 51 52 53 54 55 40 41 42 43 44 45 46 47 32 33 34 35 36 37 38 39 24 25 26 27 28 29 30 31 16 17 18 19 20 21 22 23 8 9 10 11 12 13 14 15 0 1 2 3 4 5 6 7
57 56 59 58 61 60 63 62 49 48 51 50 53 52 55 54 41 40 43 42 45 44 47 46 33 32 35 34 37 36 39 38 25 24 27 26 29 28 31 30 17 16 19 18 21 20 23 22 9 8 11 10 13 12 15 14 1 0 3 2 5 4 7 6
58 59 56 57 62 63 60 61 50 51 48 49 54 55 52 53 42 43 40 41 46 47 44 45 34 35 32 33 38 39 36 37 26 27 24 25 30 31 28 29 18 19 16 17 22 23 20 21 10 11 8 9 14 15 12 13 2 3 0 1 6 7 4 5
59 58 57 56 63 62 61 60 51 50 49 48 55 54 53 52 43 42 41 40 47 46 45 44 35 34 33 32 39 38 37 36 27 26 25 24 31 30 29 28 19 18 17 16 23 22 21 20 11 10 9 8 15 14 13 12 3 2 1 0 7 6 5 4
60 61 62 63 56 57 58 59 52 53 54 55 48 49 50 51 44 45 46 47 40 41 42 43 36 37 38 39 32 33 34 35 28 29 30 31 24 25 26 27 20 21 22 23 16 17 18 19 12 13 14 15 8 9 10 11 4 5 6 7 0 1 2 3
61 60 63 62 57 56 59 58 53 52 55 54 49 48 51 50 45 44 47 46 41 40 43 42 37 36 39 38 33 32 35 34 29 28 31 30 25 24 27 26 21 20 23 22 17 16 19 18 13 12 15 14 9 8 11 10 5 4 7 6 1 0 3 2
62 63 60 61 58 59 56 57 54 55 52 53 50 51 48 49 46 47 44 45 42 43 40 41 38 39 36 37 34 35 32 33 30 31 28 29 26 27 24 25 22 23 20 21 18 19 16 17 14 15 12 13 10 11 8 9 6 7 4 5 2 3 0 1
63 62 61 60 59 58 57 56 55 54 53 52 51 50 49 48 47 46 45 44 43 42 41 40 39 38 37 36 35 34 33 32 31 30 29 28 27 26 25 24 23 22 21 20 19 18 17 16 15 14 13 12 11 10 9 8 7 6 5 4 3 2 1 0
1995
215 1 61
295 1 11
1501 215 63
1012 215 18
487 295 53
1593 295 45
124 1501 56
270 1501 3
352 1012 56
510 1012 58
1979 487 50
1190 487 26
400 1593 3
1051 1593 8
457 124 53
1676 124 2
1184 270 14
738 270 36
267 352 18
508 352 30
719 510 52
1114 510 42
393 1979 42
732 1979 14
1516 1190 34
900 1190 39
1518 400 2
536 400 35
384 1051 3
1814 1051 50
223 457 5
386 457 31
760 1676 42
548 1676 8
1367 1184 26
127 1184 49
1544 738 0
93 738 40
192 267 39
1345 267 48
1325 508 48
1766 508 47
669 719 37
416 719 22
1985 1114 17
909 1114 52
297 393 37
514 393 62
1011 732 19
2 732 39
552 1516 34
224 1516 33
1281 900 45
316 900 38
241 1518 9
1510 1518 14
1463 536 6
948 536 33
1898 384 6
354 384 41
1613 1814 34
590 1814 47
1736 223 16
1484 223 38
1657 386 14
1969 386 47
1415 760 55
890 760 5
190 548 14
1275 548 36
483 1367 44
543 1367 16
72 127 6
1099 127 12
164 1544 16
579 1544 19
606 93 39
519 93 0
735 192 1
197 192 28
1459 1345 28
1458 1345 17
1867 1325 34
1724 1325 52
1707 1766 53
136 1766 32
335 669 42
1359 669 29
846 416 19
1053 416 63
495 1985 47
1548 1985 13
1987 909 21
607 909 7
1105 297 51
1924 297 41
975 514 1
595 514 58
1122 1011 47
1221 1011 5
691 2 54
1160 2 26
1358 552 30
266 552 28
1028 224 17
446 224 9
679 1281 13
1529 1281 11
1303 316 30
428 316 35
1862 241 33
601 241 19
1276 1510 0
391 1510 25
1057 1463 40
108 1463 15
998 948 36
1507 948 16
227 1898 36
1171 1898 51
1063 354 34
744 354 58
979 1613 21
256 1613 6
1273 590 52
1566 590 51
1092 1736 5
858 1736 34
1200 1484 28
778 1484 30
1656 1657 25
1512 1657 41
1767 1969 17
406 1969 1
1226 1415 22
378 1415 10
790 890 41
1551 890 31
80 190 50
365 190 53
313 1275 12
306 1275 22
793 483 28
1163 483 27
1386 543 24
213 543 56
1096 72 13
156 72 42
310 1099 16
239 1099 45
122 164 16
1301 164 8
68 579 10
547 579 9
1334 606 15
191 606 14
1335 519 24
1675 519 42
995 735 32
969 735 7
185 197 54
161 197 22
841 1459 15
1306 1459 41
1884 1458 53
513 1458 18
851 1867 44
672 1867 20
551 1724 39
668 1724 6
681 1707 24
417 1707 9
626 136 11
388 136 16
1746 335 11
1433 335 44
1476 1359 59
470 1359 38
646 846 41
596 846 61
869 1053 19
1005 1053 48
751 495 6
153 495 20
52 1548 35
882 1548 37
1788 1987 54
1319 1987 28
836 607 24
1285 607 37
397 1105 26
1782 1105 18
1578 1924 40
1196 1924 24
1612 975 39
1102 975 61
408 595 60
1811 595 5
1452 1122 56
1619 1122 48
1361 1221 34
1449 1221 53
852 691 22
75 691 63
1006 1160 51
872 1160 10
143 1358 6
690 1358 62
670 266 1
1360 266 26
302 1028 20
886 1028 0
1022 446 4
1175 446 16
829 679 30
459 679 15
1983 1529 6
273 1529 6
1850 1303 35
1505 1303 40
1703 428 13
128 428 28
538 1862 12
1545 1862 57
229 601 9
757 601 28
338 1276 58
1383 1276 30
1805 391 62
334 391 17
1844 1057 18
414 1057 24
758 108 50
1651 108 37
808 998 6
632 998 15
1400 1507 26
485 1507 59
496 227 37
181 227 9
1696 1171 2
1473 1171 13
665 1063 37
1542 1063 44
1062 744 60
1858 744 6
1721 979 47
722 979 49
1444 256 10
1722 256 35
773 1273 44
1143 1273 42
1957 1566 14
1340 1566 6
1575 1092 14
527 1092 54
1532 858 49
1938 858 27
1663 1200 32
1945 1200 2
643 778 17
1250 778 47
1778 1656 17
1632 1656 2
755 1512 48
88 1512 13
737 1767 62
1855 1767 49
820 406 26
563 406 28
268 1226 0
1038 1226 6
1091 378 23
1384 378 54
111 790 54
724 790 55
366 1551 17
647 1551 10
450 80 19
1833 80 50
1049 365 7
921 365 52
1211 313 41
1241 313 26
687 306 51
134 306 28
322 793 55
730 793 0
1963 1163 56
947 1163 12
1838 1386 49
1068 1386 34
856 213 15
178 213 22
436 1096 15
1864 1096 40
1466 156 51
1486 156 38
321 310 24
1139 310 29
1700 239 11
1172 239 36
1841 122 46
1128 122 43
844 1301 23
1531 1301 14
671 68 29
1076 68 26
1264 547 30
923 547 19
902 1334 32
1561 1334 11
1990 191 22
1702 191 50
502 1335 52
1179 1335 48
990 1675 20
272 1675 21
1165 995 33
1307 995 14
327 969 55
1499 969 41
438 185 4
827 185 55
559 161 16
549 161 63
1754 841 34
1218 841 1
1905 1306 19
1582 1306 40
1800 1884 42
1815 1884 11
1421 513 3
429 513 12
405 851 9
427 851 49
182 672 26
1992 672 12
1592 551 51
179 551 14
6 668 56
553 668 26
308 681 47
1859 681 50
1720 417 14
597 417 21
874 626 35
1437 626 36
48 388 10
94 388 42
624 1746 34
504 1746 26
1168 1433 5
899 1433 39
745 1476 51
1045 1476 55
142 470 42
1289 470 34
1876 646 35
1874 646 5
1317 596 41
237 596 10
1004 869 12
1806 869 51
259 1005 28
1130 1005 12
1728 751 39
1471 751 17
1470 153 57
292 153 41
245 52 16
1150 52 9
835 882 57
866 882 22
1014 1788 24
633 1788 32
904 1319 7
208 1319 21
1791 836 16
600 836 46
1873 1285 44
1618 1285 18
740 397 19
1362 397 27
1793 1782 58
993 1782 0
1047 1578 20
1870 1578 27
379 1196 55
787 1196 54
139 1612 41
1232 1612 44
1962 1102 12
515 1102 5
1387 408 24
529 408 13
367 1811 45
1402 1811 27
1533 1452 33
1756 1452 1
22 1619 11
927 1619 29
1583 1361 11
404 1361 5
1379 1449 56
1124 1449 0
473 852 50
1950 852 14
426 75 26
1926 75 41
491 1006 17
1933 1006 7
494 872 19
830 872 6
881 143 12
1257 143 9
968 690 47
796 690 44
342 670 0
897 670 28
425 1360 14
1716 1360 51
500 302 14
1599 302 46
1259 886 20
1187 886 16
1404 1022 37
747 1022 18
299 1175 15
726 1175 50
1142 829 14
945 829 59
1895 459 40
716 459 31
76 1983 62
811 1983 56
1887 273 13
1030 273 15
1496 1850 23
1975 1850 51
1310 1505 29
1328 1505 9
701 1703 63
611 1703 37
1461 128 21
640 128 61
638 538 36
676 538 28
750 1545 58
1644 1545 35
253 229 15
1348 229 49
211 757 8
1156 757 18
812 338 40
102 338 3
1923 1383 25
1856 1383 35
1902 1805 10
1033 1805 56
924 334 25
1624 334 8
752 1844 8
1994 1844 53
20 414 41
810 414 39
1530 758 63
673 758 28
806 1651 17
460 1651 60
83 808 29
938 808 6
1519 632 43
893 632 46
1084 1400 49
754 1400 2
1073 485 12
64 485 48
361 496 53
818 496 12
1770 181 54
1101 181 28
641 1696 24
603 1696 17
1883 1473 60
765 1473 11
1988 665 16
791 665 35
371 1542 52
688 1542 56
1881 1062 32
586 1062 56
1701 1858 35
1195 1858 22
62 1721 37
431 1721 41
1927 722 37
639 722 46
714 1444 39
1261 1444 40
358 1722 27
587 1722 62
1087 773 29
576 773 1
1145 1143 25
1399 1143 16
1960 1957 1
565 1957 20
1132 1340 16
906 1340 23
1401 1575 21
1164 1575 18
1312 527 56
403 527 15
1762 1532 53
1305 1532 54
522 1938 2
158 1938 21
167 1663 30
247 1663 6
210 1945 60
933 1945 5
1629 643 63
1407 643 11
10 1250 5
1755 1250 19
1734 1778 63
1336 1778 14
501 1632 52
359 1632 44
1528 755 14
1729 755 20
1247 88 3
901 88 14
1153 737 47
11 737 27
204 1855 1
613 1855 38
1127 820 5
1741 820 21
955 563 55
727 563 41
873 268 29
1349 268 36
537 1038 26
826 1038 53
1191 1091 60
291 1091 23
1951 1384 50
422 1384 41
364 111 42
608 111 37
929 724 10
825 724 2
895 366 62
117 366 40
1982 647 24
746 647 56
817 450 44
114 450 27
1430 1833 46
205 1833 25
877 1049 11
531 1049 23
281 921 34
1441 921 36
1137 1211 43
442 1211 11
1649 1241 58
862 1241 40
1017 687 22
1829 687 59
593 134 27
70 134 31
605 322 37
317 322 59
959 730 51
614 730 6
1742 1963 6
1737 1963 44
195 947 37
652 947 62
356 1838 12
341 1838 54
1278 1068 53
769 1068 40
1777 856 55
1664 856 6
329 178 51
651 178 60
1159 436 4
1344 436 10
984 1864 44
756 1864 43
1954 1466 56
464 1466 43
1834 1486 15
849 1486 55
104 321 40
107 321 11
1429 1139 28
832 1139 16
1560 1700 12
1324 1700 0
1180 1172 20
798 1172 48
312 1841 5
126 1841 16
803 1128 28
599 1128 57
1213 844 43
138 844 45
888 1531 50
118 1531 13
1690 671 27
1773 671 50
238 1076 21
996 1076 47
410 1264 0
137 1264 31
1395 923 47
739 923 25
465 902 33
1893 902 18
1758 1561 5
1910 1561 29
700 1990 43
1027 1990 7
865 1702 34
1525 1702 0
997 502 0
382 502 18
130 1179 0
1714 1179 20
753 990 63
654 990 27
1943 272 56
1248 272 21
839 1165 20
1212 1165 25
1327 1307 44
23 1307 7
26 327 3
916 327 18
1852 1499 50
1082 1499 14
627 438 48
129 438 18
1064 827 2
1341 827 14
193 559 50
1836 559 42
1681 549 35
74 549 4
1580 1754 25
92 1754 43
1665 1218 18
1627 1218 37
381 1905 61
1882 1905 35
550 1582 52
248 1582 54
913 1800 9
848 574 24
574 91 61
91 557 44
557 1037 6
1037 1442 3
1442 380 33
380 1972 5
1972 736 44
736 1586 15
1586 1971 59
1971 226 39
226 100 37
100 1955 19
1955 776 59
776 971 56
971 375 35
375 230 12
230 660 21
660 1210 61
1210 577 37
577 40 31
40 145 39
145 951 55
951 1658 6
1658 1040 13
1040 303 42
303 1418 60
1418 175 6
175 202 55
202 1672 27
1672 1764 18
1764 413 28
413 1636 21
1636 870 44
870 261 17
261 1389 59
1389 953 50
953 1842 38
1842 1098 57
1098 965 35
965 59 43
59 809 33
809 458 18
458 101 43
101 1708 40
1708 1508 39
1508 1070 3
1070 430 12
430 1182 26
1182 861 37
861 1749 54
1749 1456 49
1456 37 53
37 944 19
944 349 42
349 184 62
184 252 48
252 1388 37
1388 780 25
780 789 30
789 807 60
807 1385 50
1385 1880 11
1880 439 16
439 1952 1
1952 1885 35
1885 200 59
200 69 52
69 27 31
27 1795 32
1795 1416 41
1416 999 18
999 876 36
876 1976 55
1976 1485 63
1485 602 43
602 710 9
710 65 14
65 1554 41
1554 469 3
469 1847 50
1847 1381 10
1381 1467 46
1467 1059 46
1059 1183 38
1183 1500 0
1500 1029 20
1029 823 26
823 520 12
520 472 27
472 1147 52
1147 854 28
854 662 40
662 539 14
539 770 26
770 1254 63
1254 1761 20
1761 1520 60
1520 831 33
831 242 10
242 476 2
476 853 38
853 1643 12
1643 784 16
784 1641 49
1641 1616 20
1616 492 39
492 1837 62
1837 1772 46
1772 1007 6
1007 864 31
864 1224 31
1224 1547 14
1547 1065 29
1065 1106 32
1106 1204 51
1204 1826 41
1826 1546 5
1546 264 46
264 1968 49
1968 630 26
630 482 37
482 1803 7
1803 816 26
816 507 52
507 919 9
919 315 55
315 1481 63
1481 1272 7
1272 964 15
964 1393 59
1393 925 21
925 220 19
220 87 16
87 560 27
560 1353 55
1353 1571 12
1571 333 16
333 1201 2
1201 892 59
892 1000 16
1000 702 41
702 1511 32
1511 348 58
348 1917 37
1917 1683 53
1683 1514 2
1514 1125 25
1125 1135 54
1135 1134 58
1134 922 48
922 1141 29
1141 489 16
489 28 26
28 84 7
84 35 46
35 695 24
695 509 58
509 1974 25
1974 941 42
941 741 16
741 1072 50
1072 1368 2
1368 659 44
659 987 10
987 713 54
713 1155 13
1155 1465 29
1465 1535 44
1535 115 4
115 1266 7
1266 1293 60
1293 1292 37
1292 1086 15
1086 1843 34
1843 966 42
966 135 47
135 1784 42
1784 235 12
235 794 56
794 875 6
875 903 56
903 1539 17
1539 1144 52
1144 1409 39
1409 1116 18
1116 351 47
351 920 49
920 120 13
120 859 58
859 1338 57
1338 939 22
939 772 40
772 1177 63
1177 1131 46
1131 1267 41
1267 926 31
926 1412 49
1412 1431 27
1431 271 28
271 1104 9
1104 622 7
622 1903 46
1903 1569 23
1569 1715 39
1715 940 14
940 390 29
390 1455 8
1455 1380 36
1380 110 20
110 1181 55
1181 499 40
499 991 15
991 206 21
206 1003 9
1003 479 15
479 1077 24
1077 558 38
558 709 53
709 1205 59
1205 19 9
19 121 31
121 415 14
415 1176 27
1176 44 8
44 1378 13
1378 1089 55
1089 275 34
275 1863 11
1863 1103 24
1103 1556 60
1556 1262 10
1262 1252 27
1252 1209 49
1209 1822 49
1822 1640 37
1640 1411 12
1411 840 0
840 305 10
305 1916 43
1916 1231 60
1231 1674 12
1674 717 59
717 1339 1
1339 1748 10
1748 1682 44
1682 1189 17
1189 1621 6
1621 1735 25
1735 254 45
254 1357 17
1357 1642 35
1642 1036 6
1036 1503 3
1503 544 17
544 1860 19
1860 1039 38
1039 77 53
77 61 20
61 1804 48
1804 1242 4
1242 1220 3
1220 1906 41
1906 680 63
680 957 26
957 663 27
663 1713 6
1713 1332 62
1332 561 14
561 1655 60
1655 1517 32
1517 1343 45
1343 883 47
883 437 42
437 395 15
395 1297 26
1297 1043 47
1043 1115 18
1115 236 33
236 1686 49
1686 821 36
821 880 63
880 1786 60
1786 1647 3
1647 1009 58
1009 423 62
423 1223 57
1223 1527 20
1527 1111 60
1111 42 14
42 775 61
775 1568 43
1568 1662 3
1662 148 11
148 67 25
67 207 21
207 133 62
133 1625 28
1625 693 37
693 905 58
905 583 35
583 1574 27
1574 795 25
795 1136 36
1136 289 53
289 1637 4
1637 1931 44
1931 1197 12
1197 16 55
16 1559 33
1559 1351 48
1351 1549 39
1549 387 47
387 1321 53
1321 644 46
644 449 49
449 1606 31
1606 887 38
887 936 63
936 1405 56
1405 1080 0
1080 246 48
246 399 43
399 38 42
38 871 1
871 728 7
728 1448 5
1448 1502 35
1502 1497 63
1497 244 12
244 1370 7
1991 1794 49
1794 1961 5
1961 1067 52
1067 1977 42
1977 628 41
628 1717 6
1717 766 52
766 17 9
17 1563 48
1563 1691 24
1691 1446 48
1446 420 55
420 222 2
222 1812 52
1812 274 37
274 146 30
146 467 6
467 1509 44
1509 834 21
834 655 26
655 345 21
345 1279 44
1279 1584 51
1584 868 22
868 1251 7
1251 490 52
490 642 15
642 13 37
13 374 0
374 1369 21
1369 1121 4
1121 1498 35
1498 528 58
528 443 43
443 1240 31
1240 288 14
288 1088 20
1088 1964 26
1964 1638 17
1638 203 31
203 1631 27
1631 986 12
986 463 24
463 1093 46
1093 860 24
860 1148 42
1148 1166 42
1166 972 5
972 1986 26
1986 54 25
54 526 35
526 584 3
584 822 4
822 263 55
263 657 48
657 162 53
162 725 24
725 568 22
568 1337 60
1337 1489 48
1489 1929 5
1929 618 56
618 1543 27
1543 1208 50
1208 1219 47
1219 344 12
344 1346 52
1346 1178 58
1178 694 61
694 1956 41
1956 1083 51
1083 1243 38
1243 1819 40
1819 802 9
802 1198 48
1198 1603 12
1603 1661 2
1661 1026 8
1026 1492 25
1492 71 26
71 1216 4
1216 907 29
907 176 38
176 1886 50
1886 1158 28
1158 1230 24
1230 232 62
232 512 0
512 285 54
285 1161 29
1161 1787 37
1787 946 31
946 50 10
50 1610 33
1610 171 41
171 1282 44
1282 180 38
180 1044 34
1044 637 12
637 1469 41
1469 1718 60
1718 928 44
928 1129 51
1129 1765 21
1765 233 46
233 347 9
347 1365 16
1365 656 9
656 1397 24
1397 1329 8
1329 1801 12
1801 1347 22
1347 1590 30
1590 1146 50
1146 1693 56
1693 819 30
819 1424 55
1424 1451 9
1451 15 54
15 1439 49
1439 1588 57
1588 1320 3
1320 1294 34
1294 1296 41
1296 1879 39
1879 705 6
705 1414 6
1414 412 8
412 1245 56
1245 1227 36
1227 1825 62
1825 330 17
330 612 40
612 448 25
448 721 40
721 1878 36
1878 198 4
198 1162 3
1162 1821 16
1821 1413 30
1413 1653 49
1653 363 33
363 1609 26
1609 1608 49
1608 581 62
581 1680 15
1680 1911 49
1911 3 0
3 1283 43
1283 805 1
805 1513 46
1513 56 62
56 974 57
974 471 63
471 1330 12
1330 963 7
963 994 51
994 90 32
90 1299 11
1299 24 63
24 440 60
440 1922 10
1922 1888 35
1888 326 42
326 521 26
521 353 41
353 1382 43
1382 1117 12
1117 1270 3
1270 1041 47
1041 715 9
715 1679 3
1679 533 39
533 1751 11
1751 105 28
105 918 34
918 113 61
113 1287 44
1287 149 39
149 761 15
761 1807 17
1807 962 56
962 43 0
43 1689 31
1689 39 14
39 1597 9
1597 1626 58
1626 814 48
814 433 7
433 1932 40
1932 1896 15
1896 144 8
144 218 12
218 1350 12
1350 1021 17
1021 376 45
376 217 43
217 369 21
369 451 18
451 1719 5
1719 797 3
797 1133 4
1133 1973 18
1973 838 47
838 541 16
541 1871 62
1871 63 40
63 177 33
177 95 51
95 978 1
978 194 52
194 1595 4
1595 1235 1
1235 801 38
801 18 4
18 1524 13
1524 1711 15
1711 1295 25
1295 1573 4
1573 1620 29
1620 1851 60
1851 1598 20
1598 8 43
8 1611 28
1611 889 62
889 290 35
290 1537 34
1537 1948 18
1948 1286 48
1286 896 19
896 1269 55
1269 82 6
82 1066 28
1066 1732 60
1732 278 3
278 1596 27
1596 589 5
589 1550 50
1550 1061 25
1061 1363 39
1363 480 56
480 786 7
786 1760 47
1760 980 22
980 1639 19
1639 1423 3
1423 1670 16
1670 645 0
645 1908 21
1908 1313 38
1313 389 3
389 911 6
911 1824 39
1824 262 30
262 674 53
674 570 50
570 1780 43
1780 1540 5
1540 1635 46
1635 323 16
323 1447 4
1447 792 29
792 286 50
286 952 8
952 1217 37
1217 733 14
733 983 53
983 1848 62
1848 199 30
199 1967 31
1967 503 4
503 1727 44
1727 1831 35
1831 1046 52
1046 1802 49
1802 355 62
355 97 31
97 1203 8
1203 1928 62
1928 188 47
188 1479 56
1479 1677 42
1677 1157 13
1157 1169 34
1169 368 35
368 1868 61
1868 257 7
257 1100 3
1100 86 43
86 891 43
891 1192 11
1192 855 32
855 617 61
617 89 42
89 585 25
585 1594 2
1594 402 56
402 1523 50
1523 542 63
542 1085 17
1085 331 51
331 1866 61
1866 409 3
409 961 39
961 720 14
720 109 1
109 524 17
524 815 52
815 749 60
749 1953 43
1953 1745 38
1745 1056 18
1056 1576 16
1576 1779 28
1779 170 61
170 629 42
629 1010 7
1010 478 41
478 675 57
675 163 7
163 1491 22
1491 621 13
621 276 19
276 1504 57
1504 1813 53
1813 1032 50
1032 103 6
103 734 45
734 189 43
189 1869 32
1869 125 57
125 518 11
518 209 27
1 848 5
1 1991 45
1483 954 17
1483 1480 15
1483 1265 38
1483 699 39
1483 774 47
1483 373 3
1483 201 37
1483 160 30
1483 653 34
1483 1123 52
1483 475 53
1483 455 40
1483 186 21
1483 1706 42
1483 147 25
1483 1042 33
1483 1185 53
1483 1785 3
1483 1468 36
1483 123 30
1483 1854 20
1483 1570 2
1483 287 44
1483 1394 17
1483 58 1
1483 1585 23
1483 1671 16
1483 879 60
1483 788 37
1483 1809 47
1483 1316 45
1483 187 26
1483 598 34
1483 298 63
1483 1488 28
1483 279 11
1483 1666 39
1483 573 12
1483 1914 46
1483 1482 0
1483 1107 23
1483 214 62
1483 1239 43
1483 1993 40
1483 1472 28
1483 1118 37
1825 147 7
165 212 25
165 34 6
165 1403 12
165 569 38
165 1630 2
165 166 40
165 1688 61
165 712 18
165 30 16
165 937 53
165 767 20
165 343 59
165 1398 31
165 1577 23
165 1904 7
165 1454 47
165 1015 35
165 21 17
165 706 53
165 592 25
165 1435 22
165 511 22
165 1768 47
165 1493 63
165 930 35
165 225 41
165 47 4
165 530 55
165 591 20
165 1750 54
165 885 16
165 894 42
165 704 57
165 1108 49
165 1464 7
165 1376 13
165 1079 25
165 532 46
165 1207 62
165 1023 27
165 1094 29
165 942 1
165 1944 57
165 1490 23
657 706 58
332 764 24
332 683 59
764 1193 1
764 564 31
683 1054 22
683 1942 11
1193 78 23
1193 884 31
564 1475 49
564 1900 4
1054 1939 14
1054 1725 32
1942 1557 15
1942 989 31
78 141 17
78 1789 4
884 1710 28
884 154 3
1475 976 58
1475 682 23
1900 1839 47
1900 1678 13
1939 1899 15
1939 842 58
1725 240 30
1725 634 28
1557 985 63
1557 370 15
989 562 31
989 1579 32
141 698 29
141 988 38
1789 401 33
1789 1553 35
1710 152 29
1710 708 38
154 1564 42
154 1970 23
1307 1579 12
1019 932 62
1019 151 51
1019 1355 34
1019 666 21
1019 1494 14
1019 1685 1
1019 1817 39
1019 781 50
1019 650 17
1019 1687 5
1019 98 22
1019 1747 47
1019 1371 13
1019 340 55
1019 1255 54
1019 1897 38
1019 1757 62
1019 1808 47
1019 1074 48
1019 1225 54
1019 1965 63
1019 1723 4
1019 1526 31
1019 159 6
1019 96 57
1019 1605 41
1019 1861 23
1019 418 57
1019 1907 16
1019 535 5
1019 319 51
1019 1567 50
1019 444 12
1019 407 18
1019 1940 34
1019 383 10
1019 1684 5
1019 1215 56
1019 967 52
1019 1615 16
1019 1222 18
1019 782 43
1019 914 32
1019 1776 1
1019 282 51
1019 1432 2
1019 31 25
1019 1565 8
1019 915 60
1019 970 26
1019 546 19
1205 932 56
1935 661 4
661 432 43
1935 481 15
661 1390 8
432 771 14
1935 173 41
661 1391 46
661 845 15
1391 493 54
432 1016 30
845 325 53
493 1774 0
481 981 32
771 277 6
1391 33 28
277 1474 39
1016 973 29
33 488 44
1016 1622 29
33 1477 37
973 1233 31
973 1174 3
488 748 59
33 1901 40
973 1443 31
1477 1237 8
1443 1434 16
1233 828 47
1233 857 12
1477 79 22
1434 1406 27
1237 1562 62
1434 29 54
857 392 10
857 949 8
392 580 29
1562 1025 58
580 1274 24
1274 554 1
392 960 21
29 466 48
554 1515 46
580 231 54
1025 1936 46
580 1810 18
554 1119 8
1515 534 40
554 1366 35
1366 320 47
1810 372 20
534 1506 59
534 5 39
372 649 17
649 1912 7
1366 931 61
372 1752 29
931 1816 43
1816 1947 0
372 1981 49
1752 1894 18
1947 453 6
649 1695 28
453 1438 32
1981 304 62
353 1474 45
452 1291 25
1291 950 34
950 1694 59
1291 55 23
452 1799 47
55 1288 40
1694 1008 5
452 1699 20
1288 339 44
1699 1877 13
1799 328 51
55 1781 59
1781 1828 16
1008 1607 30
1008 1930 54
1008 1673 18
1781 1849 40
1699 1744 39
1288 280 16
1744 1309 63
1781 377 47
1828 610 63
950 843 22
1291 1427 46
339 1078 34
1291 1034 21
1673 1120 41
280 1453 3
1799 1840 35
1078 249 60
249 1112 49
950 863 2
1828 324 17
1078 216 52
280 697 28
1427 14 60
1877 434 38
1877 1846 59
1846 293 22
280 1154 60
1453 81 17
1034 648 20
1744 116 9
1828 1918 50
216 301 21
280 1167 21
328 497 24
863 934 31
1673 51 34
1877 1445 54
950 1697 22
1673 516 1
950 41 50
324 783 24
216 398 12
934 1946 1
1699 723 39
1697 1889 20
301 1978 44
1846 729 26
1970 863 36
1645 73 5
73 604 16
604 768 12
768 269 42
269 1660 24
1660 1740 55
1740 1920 1
1920 1331 52
1331 1410 18
1410 1428 0
1428 1322 63
1322 1048 20
1048 615 33
615 525 39
525 1798 15
1798 1249 16
1249 1152 39
1152 1769 0
1769 255 44
255 155 56
155 1796 3
1796 1705 51
1705 477 48
477 1035 9
1035 692 34
692 1872 56
1872 1925 58
1925 172 7
172 1258 6
1258 1318 19
1318 1246 36
1246 878 22
878 1726 21
1726 1995 17
1995 1875 35
1875 1534 27
1534 260 36
260 1591 3
1591 307 63
307 228 17
228 1314 4
617 1798 59
250 243 54
250 523 46
243 1374 13
243 1426 5
523 36 43
523 1308 56
1374 9 42
1374 800 40
1426 1113 20
1426 1298 34
36 1253 37
36 1462 30
1308 575 35
1308 1277 44
9 833 51
9 1173 16
800 1937 52
800 1949 57
1113 1712 2
1113 1921 22
1298 1408 55
1298 49 51
1253 1238 2
1253 140 46
1462 635 32
1462 336 28
575 1522 49
575 1110 58
1277 1941 13
1277 1228 55
833 1097 42
833 1652 63
1173 1069 55
1173 1792 23
1937 588 48
1937 1487 27
1949 461 29
1949 1667 6
1712 357 55
1712 32 7
1921 1730 44
1921 1623 25
1408 1188 51
1408 1244 15
49 1790 50
49 1315 18
1238 174 36
1238 908 14
140 837 4
140 625 54
635 1194 33
635 567 45
336 667 45
336 1018 48
1522 1090 36
1522 1300 29
1110 1214 26
1110 1199 39
1941 813 23
997 1623 19
1417 572 4
572 411 27
411 300 28
300 474 4
474 609 28
609 1617 6
1617 1323 34
1323 1013 34
1013 1743 61
1743 707 49
707 1820 38
1820 958 22
958 1704 14
1704 1572 21
1572 1763 6
1763 850 62
850 867 53
867 1934 51
1934 462 13
462 1364 41
1364 1845 4
1845 1280 54
1280 1151 60
1151 1234 16
1234 1628 30
1628 578 7
578 1634 21
1634 314 24
314 779 41
779 441 49
441 1830 45
1830 283 6
283 1865 58
1865 362 56
362 1333 50
1333 731 2
731 664 61
664 168 52
168 1853 58
1853 1229 16
1229 763 35
763 1304 50
1304 1356 14
1356 1284 11
1284 1797 17
1797 1170 13
1170 1354 54
1354 1601 35
1601 677 5
677 1081 8
1081 1890 6
1890 1646 24
1646 57 11
57 678 48
678 1271 41
1271 1536 56
1536 1020 32
1020 1555 48
1555 619 44
619 1268 21
1268 1966 38
997 1628 53
258 265 13
258 1260 11
265 1478 9
265 982 4
1260 1783 4
1260 1633 49
1478 762 49
1478 1915 24
982 1759 18
982 1753 30
1783 1958 40
1783 1055 1
1633 1095 8
1633 1892 31
762 1857 13
762 1600 57
1915 1538 27
1915 686 54
1759 221 57
1759 112 9
1753 1050 39
1753 1311 21
1958 1001 49
1958 85 28
1055 943 0
1055 150 27
1095 486 13
1095 1738 34
1892 1149 0
1892 555 14
1857 1989 40
1857 1919 41
1600 53 13
1600 119 26
1538 234 8
1538 1659 55
686 1909 41
686 1206 10
221 1541 16
221 1236 43
112 183 0
112 1692 5
1050 1827 35
1050 910 21
1311 1425 45
1311 1587 10
1001 517 26
1001 956 18
85 396 13
85 424 47
943 1436 42
943 1060 45
150 294 7
150 743 23
486 799 15
486 1739 51
1738 1823 27
1356 424 50
1668 785 61
1668 1372 22
785 1071 42
785 917 58
1372 689 7
1372 1650 5
1071 1422 6
1071 759 43
917 337 16
917 505 10
689 1075 59
689 898 3
1650 311 50
1650 566 36
1422 445 29
1422 620 59
759 556 45
759 582 38
337 1290 19
337 1832 5
505 1326 17
505 1495 16
1075 912 35
1075 1984 6
898 631 47
898 1558 45
311 1818 63
311 1552 22
566 1352 60
566 131 45
445 1419 16
445 1648 54
620 935 6
620 1980 4
556 60 2
556 360 17
582 636 28
582 284 2
1290 1581 16
1290 1140 54
1832 506 56
1832 1589 53
1326 1604 16
1326 251 21
1495 66 48
1495 435 60
912 1396 0
912 1109 57
1984 1614 28
1984 1375 45
631 616 19
631 498 6
1558 468 10
1558 824 43
1818 1377 54
1818 99 51
1552 1440 32
1552 1031 0
429 1419 39
1138 1602 10
1602 1052 16
1052 421 1
421 992 56
992 571 29
571 696 2
696 1959 35
1959 1126 32
1126 742 11
742 545 62
545 718 24
718 685 2
685 1058 52
1058 106 24
106 1775 47
1775 25 1
25 1731 57
1731 132 33
132 296 43
296 1521 3
1521 1420 56
1420 1373 10
1373 196 34
196 658 4
658 1024 7
1024 977 27
977 1186 26
1186 1709 30
1709 12 47
12 1913 21
1913 1263 31
1263 623 23
623 684 43
684 385 36
385 157 40
157 45 43
45 594 33
594 1835 8
1835 1450 43
1450 454 27
454 847 32
847 1733 5
1733 318 62
318 456 54
456 540 27
540 703 9
703 1202 48
1202 1392 37
1392 350 37
350 219 29
219 4 40
4 1460 60
1460 804 47
804 777 15
750 196 61
309 7 0
309 169 62
7 46 30
7 1771 21
169 419 51
169 1342 48
46 1698 39
46 1002 2
1771 1891 39
1771 1302 49
419 447 15
419 1256 25
1342 346 1
1342 394 56
1698 484 49
1698 1457 21
1002 1654 12
1002 1669 8
1891 711 9
947 169 45
0 143 0 0 209 987 0 0 1937 59 950 296 846 1167 0 681 306 0 327 924 1493 1811 65 0 1923 710 901 1437 954 1904 0 49 0 907 142 0 403 191 0 769 152 836 0 1165 0 0 225 922 32 0 1589 67 0 416 0 0 1617 279 10 1581 923 0 0 1087 23 1140 52 1497 204 413 0 1446 1491 770 224 829 1076 1946 493 1115 1112 0 371 874 1081 0 1395 1181 0 0 1137 1643 1088 1141 0 1225 0 781 337 117 933 758 320 1968 0 1314 264 0 0 1307 1642 1915 0 736 182 1846 100 892 1919 1470 1833 1370 1809 618 931 1125 1964 666 864 1500 1290 0 751 271 1873 1121 560 1511 1232 174 708 35 2 0 1278 1275 488 882 0 1060 1494 41 207 0 0 1961 0 1182 1605 0 1606 1676 0 222 0 879 953 0 1690 0 1398 0 845 140 1742 0 0 1431 713 0 0 115 1587 1401 887 1854 1630 0 372 467 38 860 1837 0 303 0 562 0 0 1777 1785 614 223 69 1972 1938 153 794 5 1508 1383 819 1977 1472 1346 0 0 0 0 739 1050 164 203 75 47 1982 1545 525 757 608 534 0 0 1909 1791 1551 1131 333 1991 1557 1648 381 0 1301 351 313 1070 1761 1978 0 1521 613 1862 366 0 639 0 0 939 1645 1017 0 738 107 0 494 725 1039 307 1929 134 395 1496 483 1561 0 720 0 58 0 1037 1879 0 506 0 0 1316 1459 1746 0 1430 1843 497 486 620 12 906 973 811 0 578 747 195 960 1963 17 269 400 0 1794 917 1135 246 0 1159 0 1672 0 1222 103 415 1231 0 1918 1483 774 19 435 1272 0 580 0 238 998 1369 0 99 0 0 1965 951 881 1577 1012 1657 0 0 1213 1164 0 245 1543 0 603 0 1658 461 1505 1976 0 1883 0 0 660 1043 254 1612 0 0 0 83 189 734 1359 929 0 1445 1686 1122 877 242 1029 1361 948 0 1093 851 1637 0 1172 752 0 0 419 272 1966 514 0 1335 308 884 0 37 897 1293 880 1861 515 0 1353 0 0 70 1994 321 54 1197 0 394 519 1348 1210 1200 1020 1404 1030 1266 0 1292 501 1507 0 0 1930 328 1517 1486 1077 955 0 0 1971 1867 1907 0 716 1256 0 841 1735 908 1034 815 0 1480 676 822 1629 1850 808 357 1199 760 1065 925 661 190 1440 839 1574 0 1525 491 1374 1706 1627 0 0 1068 0 1391 1834 274 0 1519 294 590 147 597 495 473 1836 79 266 490 1084 293 1075 1384 691 430 561 0 695 556 284 756 568 1168 1208 942 0 1321 397 408 723 743 1947 420 0 0 1749 0 0 228 1985 1252 1724 787 1376 1442 591 0 231 1615 0 789 1126 1910 1832 0 878 1563 559 0 1924 1448 986 1422 1520 1351 1187 659 1504 1436 505 1441 730 544 137 502 197 1297 1789 1047 1377 1364 508 1118 0 0 1941 1488 746 0 1957 959 301 1812 331 0 1884 646 909 0 1858 773 1188 0 487 532 0 1636 0 1394 905 489 1585 1917 1784 1602 916 354 0 1764 1408 1584 230 1728 1799 1795 0 252 202 0 1984 0 124 1151 295 1366 1250 0 1134 1228 1931 1224 1386 1255 849 0 1510 903 1839 837 1859 767 992 256 701 1644 1053 957 1306 0 583 1903 729 1119 1817 1481 1040 1570 1467 1969 0 1184 0 553 364 466 700 1466 0 818 128 1308 1559 1986 732 1916 1549 1898 0 1233 456 0 1323 0 820 16 698 862 0 0 1692 717 791 0 1022 500 0 869 0 504 0 0 682 1042 662 640 888 1052 885 0 0 0 141 1800 26 1654 1688 179 1722 1776 446 687 0 1337 277 0 0 516 1176 267 900 1880 1334 648 558 0 670 0 373 0 114 1036 263 220 1196 745 0 517 0 741 574 302 1350 1872 0 133 391 1485 1063 1682 507 229 102 0 463 0 0 0 1899 893 793 637 1813 40 74 0 1806 587 326 1319 825 1373 1009 0 826 98 1603 1154 1580 0 0 529 1239 537 871 688 0 766 208 1476 1360 0 1803 1425 1069 0 0 1514 1420 0 1400 1349 460 1407 1651 299 1701 1522 0 453 1954 1586 665 212 680 1226 457 997 1614 776 780 1003 1406 76 1516 1882 1826 1667 1415 1409 42 635 970 469 1128 449 1593 1840 1339 173 13 0 0 630 1536 387 1933 1665 1027 0 1822 1434 1223 1471 192 0 683 0 129 1147 1144 0 1987 693 1829 790 1926 1385 84 904 1528 380 542 166 406 342 148 1582 401 704 945 185 702 0 1509 0 118 765 0 1955 0 404 1553 1974 726 27 1242 633 875 596 297 34 451 584 943 0 0 1254 1940 1711 602 311 0 984 1289 1380 48 61 20 465 1874 1221 0 375 1454 125 0 101 1697 1604 969 1015 1530 259 947 0 511 910 1312 886 0 940 384 1622 11 341 0 167 29 439 1797 643 1268 577 304 0 1432 0 1664 1755 1618 1565 1006 936 838 0 1766 298 0 1379 1939 0 0 1195 0 1423 1633 0 919 0 548 6 1678 0 1860 1218 638 1960 0 1405 1571 823 334 1729 0 1763 0 827 1177 1625 968 1064 1109 778 0 0 344 1555 1539 937 1477 261 1704 0 424 0 690 1094 1731 1901 0 854 0 382 426 0 0 1902 452 0 737 281 1089 268 652 0 699 365 0 1072 0 565 1464 1189 221 0 703 642 1900 1149 0 1805 0 1852 150 0 0 754 1007 464 0 1096 479 800 247 1980 1045 1101 0 498 77 438 0 1108 1675 85 1547 0 496 0 1815 64 93 1038 1792 1503 1527 386 1023 1753 1067 1417 1734 1691 0 1073 0 1179 1499 1399 1180 1482 1079 1008 0 1285 81 0 1489 80 1150 0 569 649 0 136 379 1390 1583 126 538 1885 840 0 1338 237 0 0 624 312 1433 91 0 1378 66 94 1716 1444 866 0 0 865 1345 1055 1116 619 0 1736 783 1592 1276 0 0 315 1449 0 0 1717 349 44 1325 14 509 0 0 1988 390 1277 1752 0 724 1004 0 1103 1106 88 158 1714 657 1265 0 552 588 1049 0 1388 0 1475 0 979 740 417 0 462 423 1773 0 0 1560 1241 0 0 510 1905 422 1748 1554 348 1743 1567 0 0 991 1501 1632 927 319 858 627 96 821 0 625 0 0 322 139 675 0 0 1600 0 1572 788 1458 1205 902 0 1315 1403 0 1416 1847 0 622 1548 527 1820 913 629 447 1259 1428 1257 0 1452 1864 0 1640 1185 427 1317 958 0 0 1845 329 1340 1594 146 1156 1173 145 1484 0 0 0 0 1783 1111 0 0 0 920 131 0 429 405 0 0 0 563 1949 0 1790 244 0 1599 0 1324 644 110 667 1673 1703 1538 944 0 106 1244 287 1267 0 775 0 513 0 678 1305 1166 1668 1579 1983 0 0 0 1663 0 728 399 1842 719 1130 844 1273 1772 1951 1575 0 1148 215 0 421 807 748 551 1818 410 0 1461 0 1855 0 374 796 383 1578 0 567 0 621 1631 1720 335 122 1747 1564 777 474 1396 530 566 1139 975 921 1943 0 211 499 873 628 0 1191 1649 1123 481 0 1893 595 87 1375 0 171 1105 806 184 1533 1245 425 995 828 809 606 835 0 1838 1876 0 0 834 1247 1097 1737 0 804 1913 549 981 0 799 1942 1710 1258 1546 291 178 962 1136 857 1750 555 28 1810 0 468 557 531 1774 1143 377 72 0 547 1160 0 0 1261 0 930 0 1762 0 1240 288 1959 1355 0 1856 1048 0 663 654 1671 0 120 859 214 1770 1523 1193 795 1016 1541 0 455 651 1107 325 1279 753 437 1652 573 1114 0 73 0 21 151 1733 273 68 1707 1104 130 1219 1767 1091 554 358 0 431 210 890 632 138 1786 0 803 1576 830 436 0 485 550 251 813 1474 0 472 0 1092 876 0 938 1863 1655 1402 1740 1992 850 0 1311 1014 0 1478 1696 352 1638 227 1429 1082 1251 672 0 236 0 898 1212 1013 1945 240 1650 668 1204 275 0 543 1372 967 1793 1215 0 1702 653 996 1238 0 470 1343 1515 343 1362 1327 784 60 883 1124 607 598 817 183 0 51 0 0 1155 842 1274 0 0 0 0 1303 1236 1739 601 782 935 159 161 1889 0 0 0 0 367 0 824 535 1681 57 966 1756 0 1841 949 0 1844 1005 0 476 0 458 187 1367 1220 982 0 1816 593 388 1544 0 1264 1758 111 92 641 260 0 1656 241 1389 1558 810 1487 0 711 1532 1647 345 356 1989 0 0 1788 1332 964 853 1914 833 1326 1698 0 1468 317 1309 1700 1080 162 0 988 0 0 1616 755 0 0 1713 378 0 712 0 169 1099 686 0 0 1894 1542 934 1669 0 1674 812 1569 1310 1018 0 475 1498 0 0 1427 915 0 1685 1183 0 1142 1163 0 0 1368 1927 714 1757 528 0 0 0 609 999 0 1024 0 1495 1098 450 1153 1418 1892 1601 1534 1952 175 1214 0 0 289 1371 1211 522 1435 0 1174 1095 1775 965 1619 1723 1641 1827 0 248 1456 1001 605 0 972 1502 0 0 1473 0 1341 1201 1443 1754 715 200 1906 0 0 0 1814 1284 600 201 1512 0 1662 564 1300 235 1090 1566 310 611 0 956 0 610 709 0 0 798 1990 1057 772 0 1897 123 1438 22 579 768 1782 1086 1635 650 1352 0 1253 0 856 0 0 0 832 1759 0 870 0 0 540 121 482 0 492 193 1411 634 843 1621 1336 292 1624 1271 116 1248 0 1877 459 0 1059 0 186 1357 1463 0 586 636 990 407 253 1531 1262 0 0 443 0 0 1962 0 749 135 926 0 1412 1849 0 282 727 0 831 361 582 1127 0 1895 0 1607 0 0 1738 1393 1695 1887 0 1808 673 764 1054 1025 1033 647 30 1209 1778 444 0 234 539 0 1981 1421 1666 112 671 599 324 119 0 0 0 25 546 0 872 1721 0 270 434 626 0 852 0 0 0 9 206 976 914 572 1426 1381 0 1556 78 518 0 1298 0 1342 1741 0 816 895 0 576 0 1460 993 156 1870 305 127 340 396 0 104 655 0 442 205 0 899 0 359 213 249 0 1071 1912 226 1328 616 526 669 868 1171 1659 1804 239 1535 0 414 0
