D
100
61 60 63 62 65 64 67 66 69 68 71 70 73 72 75 74 77 76 79 78 41 40 43 42 45 44 47 46 49 48 51 50 53 52 55 54 57 56 59 58 1 0 3 2 5 4 7 6 9 8 11 10 13 12 15 14 17 16 19 18 81 80 83 82 85 84 87 86 89 88 91 90 93 92 95 94 97 96 99 98 21 20 23 22 25 24 27 26 29 28 31 30 33 32 35 34 37 36 39 38
60 61 62 63 64 65 66 67 68 69 70 71 72 73 74 75 76 77 78 79 40 41 42 43 44 45 46 47 48 49 50 51 52 53 54 55 56 57 58 59 0 1 2 3 4 5 6 7 8 9 10 11 12 13 14 15 16 17 18 19 80 81 82 83 84 85 86 87 88 89 90 91 92 93 94 95 96 97 98 99 20 21 22 23 24 25 26 27 28 29 30 31 32 33 34 35 36 37 38 39
63 62 61 60 67 66 65 64 71 70 69 68 75 74 73 72 79 78 77 76 43 42 41 40 47 46 45 44 51 50 49 48 55 54 53 52 59 58 57 56 3 2 1 0 7 6 5 4 11 10 9 8 15 14 13 12 19 18 17 16 83 82 81 80 87 86 85 84 91 90 89 88 95 94 93 92 99 98 97 96 23 22 21 20 27 26 25 24 31 30 29 28 35 34 33 32 39 38 37 36
62 63 60 61 66 67 64 65 70 71 68 69 74 75 72 73 78 79 76 77 42 43 40 41 46 47 44 45 50 51 48 49 54 55 52 53 58 59 56 57 2 3 0 1 6 7 4 5 10 11 8 9 14 15 12 13 18 19 16 17 82 83 80 81 86 87 84 85 90 91 88 89 94 95 92 93 98 99 96 97 22 23 20 21 26 27 24 25 30 31 28 29 34 35 32 33 38 39 36 37
65 64 67 66 69 68 71 70 73 72 75 74 77 76 79 78 61 60 63 62 45 44 47 46 49 48 51 50 53 52 55 54 57 56 59 58 41 40 43 42 5 4 7 6 9 8 11 10 13 12 15 14 17 16 19 18 1 0 3 2 85 84 87 86 89 88 91 90 93 92 95 94 97 96 99 98 81 80 83 82 25 24 27 26 29 28 31 30 33 32 35 34 37 36 39 38 21 20 23 22
64 65 66 67 68 69 70 71 72 73 74 75 76 77 78 79 60 61 62 63 44 45 46 47 48 49 50 51 52 53 54 55 56 57 58 59 40 41 42 43 4 5 6 7 8 9 10 11 12 13 14 15 16 17 18 19 0 1 2 3 84 85 86 87 88 89 90 91 92 93 94 95 96 97 98 99 80 81 82 83 24 25 26 27 28 29 30 31 32 33 34 35 36 37 38 39 20 21 22 23
67 66 65 64 71 70 69 68 75 74 73 72 79 78 77 76 63 62 61 60 47 46 45 44 51 50 49 48 55 54 53 52 59 58 57 56 43 42 41 40 7 6 5 4 11 10 9 8 15 14 13 12 19 18 17 16 3 2 1 0 87 86 85 84 91 90 89 88 95 94 93 92 99 98 97 96 83 82 81 80 27 26 25 24 31 30 29 28 35 34 33 32 39 38 37 36 23 22 21 20
66 67 64 65 70 71 68 69 74 75 72 73 78 79 76 77 62 63 60 61 46 47 44 45 50 51 48 49 54 55 52 53 58 59 56 57 42 43 40 41 6 7 4 5 10 11 8 9 14 15 12 13 18 19 16 17 2 3 0 1 86 87 84 85 90 91 88 89 94 95 92 93 98 99 96 97 82 83 80 81 26 27 24 25 30 31 28 29 34 35 32 33 38 39 36 37 22 23 20 21
69 68 71 70 73 72 75 74 77 76 79 78 61 60 63 62 65 64 67 66 49 48 51 50 53 52 55 54 57 56 59 58 41 40 43 42 45 44 47 46 9 8 11 10 13 12 15 14 17 16 19 18 1 0 3 2 5 4 7 6 89 88 91 90 93 92 95 94 97 96 99 98 81 80 83 82 85 84 87 86 29 28 31 30 33 32 35 34 37 36 39 38 21 20 23 22 25 24 27 26
68 69 70 71 72 73 74 75 76 77 78 79 60 61 62 63 64 65 66 67 48 49 50 51 52 53 54 55 56 57 58 59 40 41 42 43 44 45 46 47 8 9 10 11 12 13 14 15 16 17 18 19 0 1 2 3 4 5 6 7 88 89 90 91 92 93 94 95 96 97 98 99 80 81 82 83 84 85 86 87 28 29 30 31 32 33 34 35 36 37 38 39 20 21 22 23 24 25 26 27
71 70 69 68 75 74 73 72 79 78 77 76 63 62 61 60 67 66 65 64 51 50 49 48 55 54 53 52 59 58 57 56 43 42 41 40 47 46 45 44 11 10 9 8 15 14 13 12 19 18 17 16 3 2 1 0 7 6 5 4 91 90 89 88 95 94 93 92 99 98 97 96 83 82 81 80 87 86 85 84 31 30 29 28 35 34 33 32 39 38 37 36 23 22 21 20 27 26 25 24
70 71 68 69 74 75 72 73 78 79 76 77 62 63 60 61 66 67 64 65 50 51 48 49 54 55 52 53 58 59 56 57 42 43 40 41 46 47 44 45 10 11 8 9 14 15 12 13 18 19 16 17 2 3 0 1 6 7 4 5 90 91 88 89 94 95 92 93 98 99 96 97 82 83 80 81 86 87 84 85 30 31 28 29 34 35 32 33 38 39 36 37 22 23 20 21 26 27 24 25
73 72 75 74 77 76 79 78 61 60 63 62 65 64 67 66 69 68 71 70 53 52 55 54 57 56 59 58 41 40 43 42 45 44 47 46 49 48 51 50 13 12 15 14 17 16 19 18 1 0 3 2 5 4 7 6 9 8 11 10 93 92 95 94 97 96 99 98 81 80 83 82 85 84 87 86 89 88 91 90 33 32 35 34 37 36 39 38 21 20 23 22 25 24 27 26 29 28 31 30
72 73 74 75 76 77 78 79 60 61 62 63 64 65 66 67 68 69 70 71 52 53 54 55 56 57 58 59 40 41 42 43 44 45 46 47 48 49 50 51 12 13 14 15 16 17 18 19 0 1 2 3 4 5 6 7 8 9 10 11 92 93 94 95 96 97 98 99 80 81 82 83 84 85 86 87 88 89 90 91 32 33 34 35 36 37 38 39 20 21 22 23 24 25 26 27 28 29 30 31
75 74 73 72 79 78 77 76 63 62 61 60 67 66 65 64 71 70 69 68 55 54 53 52 59 58 57 56 43 42 41 40 47 46 45 44 51 50 49 48 15 14 13 12 19 18 17 16 3 2 1 0 7 6 5 4 11 10 9 8 95 94 93 92 99 98 97 96 83 82 81 80 87 86 85 84 91 90 89 88 35 34 33 32 39 38 37 36 23 22 21 20 27 26 25 24 31 30 29 28
74 75 72 73 78 79 76 77 62 63 60 61 66 67 64 65 70 71 68 69 54 55 52 53 58 59 56 57 42 43 40 41 46 47 44 45 50 51 48 49 14 15 12 13 18 19 16 17 2 3 0 1 6 7 4 5 10 11 8 9 94 95 92 93 98 99 96 97 82 83 80 81 86 87 84 85 90 91 88 89 34 35 32 33 38 39 36 37 22 23 20 21 26 27 24 25 30 31 28 29
77 76 79 78 61 60 63 62 65 64 67 66 69 68 71 70 73 72 75 74 57 56 59 58 41 40 43 42 45 44 47 46 49 48 51 50 53 52 55 54 17 16 19 18 1 0 3 2 5 4 7 6 9 8 11 10 13 12 15 14 97 96 99 98 81 80 83 82 85 84 87 86 89 88 91 90 93 92 95 94 37 36 39 38 21 20 23 22 25 24 27 26 29 28 31 30 33 32 35 34
76 77 78 79 60 61 62 63 64 65 66 67 68 69 70 71 72 73 74 75 56 57 58 59 40 41 42 43 44 45 46 47 48 49 50 51 52 53 54 55 16 17 18 19 0 1 2 3 4 5 6 7 8 9 10 11 12 13 14 15 96 97 98 99 80 81 82 83 84 85 86 87 88 89 90 91 92 93 94 95 36 37 38 39 20 21 22 23 24 25 26 27 28 29 30 31 32 33 34 35
79 78 77 76 63 62 61 60 67 66 65 64 71 70 69 68 75 74 73 72 59 58 57 56 43 42 41 40 47 46 45 44 51 50 49 48 55 54 53 52 19 18 17 16 3 2 1 0 7 6 5 4 11 10 9 8 15 14 13 12 99 98 97 96 83 82 81 80 87 86 85 84 91 90 89 88 95 94 93 92 39 38 37 36 23 22 21 20 27 26 25 24 31 30 29 28 35 34 33 32
78 79 76 77 62 63 60 61 66 67 64 65 70 71 68 69 74 75 72 73 58 59 56 57 42 43 40 41 46 47 44 45 50 51 48 49 54 55 52 53 18 19 16 17 2 3 0 1 6 7 4 5 10 11 8 9 14 15 12 13 98 99 96 97 82 83 80 81 86 87 84 85 90 91 88 89 94 95 92 93 38 39 36 37 22 23 20 21 26 27 24 25 30 31 28 29 34 35 32 33
41 40 43 42 45 44 47 46 49 48 51 50 53 52 55 54 57 56 59 58 81 80 83 82 85 84 87 86 89 88 91 90 93 92 95 94 97 96 99 98 21 20 23 22 25 24 27 26 29 28 31 30 33 32 35 34 37 36 39 38 1 0 3 2 5 4 7 6 9 8 11 10 13 12 15 14 17 16 19 18 61 60 63 62 65 64 67 66 69 68 71 70 73 72 75 74 77 76 79 78
40 41 42 43 44 45 46 47 48 49 50 51 52 53 54 55 56 57 58 59 80 81 82 83 84 85 86 87 88 89 90 91 92 93 94 95 96 97 98 99 20 21 22 23 24 25 26 27 28 29 30 31 32 33 34 35 36 37 38 39 0 1 2 3 4 5 6 7 8 9 10 11 12 13 14 15 16 17 18 19 60 61 62 63 64 65 66 67 68 69 70 71 72 73 74 75 76 77 78 79
43 42 41 40 47 46 45 44 51 50 49 48 55 54 53 52 59 58 57 56 83 82 81 80 87 86 85 84 91 90 89 88 95 94 93 92 99 98 97 96 23 22 21 20 27 26 25 24 31 30 29 28 35 34 33 32 39 38 37 36 3 2 1 0 7 6 5 4 11 10 9 8 15 14 13 12 19 18 17 16 63 62 61 60 67 66 65 64 71 70 69 68 75 74 73 72 79 78 77 76
42 43 40 41 46 47 44 45 50 51 48 49 54 55 52 53 58 59 56 57 82 83 80 81 86 87 84 85 90 91 88 89 94 95 92 93 98 99 96 97 22 23 20 21 26 27 24 25 30 31 28 29 34 35 32 33 38 39 36 37 2 3 0 1 6 7 4 5 10 11 8 9 14 15 12 13 18 19 16 17 62 63 60 61 66 67 64 65 70 71 68 69 74 75 72 73 78 79 76 77
45 44 47 46 49 48 51 50 53 52 55 54 57 56 59 58 41 40 43 42 85 84 87 86 89 88 91 90 93 92 95 94 97 96 99 98 81 80 83 82 25 24 27 26 29 28 31 30 33 32 35 34 37 36 39 38 21 20 23 22 5 4 7 6 9 8 11 10 13 12 15 14 17 16 19 18 1 0 3 2 65 64 67 66 69 68 71 70 73 72 75 74 77 76 79 78 61 60 63 62
44 45 46 47 48 49 50 51 52 53 54 55 56 57 58 59 40 41 42 43 84 85 86 87 88 89 90 91 92 93 94 95 96 97 98 99 80 81 82 83 24 25 26 27 28 29 30 31 32 33 34 35 36 37 38 39 20 21 22 23 4 5 6 7 8 9 10 11 12 13 14 15 16 17 18 19 0 1 2 3 64 65 66 67 68 69 70 71 72 73 74 75 76 77 78 79 60 61 62 63
47 46 45 44 51 50 49 48 55 54 53 52 59 58 57 56 43 42 41 40 87 86 85 84 91 90 89 88 95 94 93 92 99 98 97 96 83 82 81 80 27 26 25 24 31 30 29 28 35 34 33 32 39 38 37 36 23 22 21 20 7 6 5 4 11 10 9 8 15 14 13 12 19 18 17 16 3 2 1 0 67 66 65 64 71 70 69 68 75 74 73 72 79 78 77 76 63 62 61 60
46 47 44 45 50 51 48 49 54 55 52 53 58 59 56 57 42 43 40 41 86 87 84 85 90 91 88 89 94 95 92 93 98 99 96 97 82 83 80 81 26 27 24 25 30 31 28 29 34 35 32 33 38 39 36 37 22 23 20 21 6 7 4 5 10 11 8 9 14 15 12 13 18 19 16 17 2 3 0 1 66 67 64 65 70 71 68 69 74 75 72 73 78 79 76 77 62 63 60 61
49 48 51 50 53 52 55 54 57 56 59 58 41 40 43 42 45 44 47 46 89 88 91 90 93 92 95 94 97 96 99 98 81 80 83 82 85 84 87 86 29 28 31 30 33 32 35 34 37 36 39 38 21 20 23 22 25 24 27 26 9 8 11 10 13 12 15 14 17 16 19 18 1 0 3 2 5 4 7 6 69 68 71 70 73 72 75 74 77 76 79 78 61 60 63 62 65 64 67 66
48 49 50 51 52 53 54 55 56 57 58 59 40 41 42 43 44 45 46 47 88 89 90 91 92 93 94 95 96 97 98 99 80 81 82 83 84 85 86 87 28 29 30 31 32 33 34 35 36 37 38 39 20 21 22 23 24 25 26 27 8 9 10 11 12 13 14 15 16 17 18 19 0 1 2 3 4 5 6 7 68 69 70 71 72 73 74 75 76 77 78 79 60 61 62 63 64 65 66 67
51 50 49 48 55 54 53 52 59 58 57 56 43 42 41 40 47 46 45 44 91 90 89 88 95 94 93 92 99 98 97 96 83 82 81 80 87 86 85 84 31 30 29 28 35 34 33 32 39 38 37 36 23 22 21 20 27 26 25 24 11 10 9 8 15 14 13 12 19 18 17 16 3 2 1 0 7 6 5 4 71 70 69 68 75 74 73 72 79 78 77 76 63 62 61 60 67 66 65 64
50 51 48 49 54 55 52 53 58 59 56 57 42 43 40 41 46 47 44 45 90 91 88 89 94 95 92 93 98 99 96 97 82 83 80 81 86 87 84 85 30 31 28 29 34 35 32 33 38 39 36 37 22 23 20 21 26 27 24 25 10 11 8 9 14 15 12 13 18 19 16 17 2 3 0 1 6 7 4 5 70 71 68 69 74 75 72 73 78 79 76 77 62 63 60 61 66 67 64 65
53 52 55 54 57 56 59 58 41 40 43 42 45 44 47 46 49 48 51 50 93 92 95 94 97 96 99 98 81 80 83 82 85 84 87 86 89 88 91 90 33 32 35 34 37 36 39 38 21 20 23 22 25 24 27 26 29 28 31 30 13 12 15 14 17 16 19 18 1 0 3 2 5 4 7 6 9 8 11 10 73 72 75 74 77 76 79 78 61 60 63 62 65 64 67 66 69 68 71 70
52 53 54 55 56 57 58 59 40 41 42 43 44 45 46 47 48 49 50 51 92 93 94 95 96 97 98 99 80 81 82 83 84 85 86 87 88 89 90 91 32 33 34 35 36 37 38 39 20 21 22 23 24 25 26 27 28 29 30 31 12 13 14 15 16 17 18 19 0 1 2 3 4 5 6 7 8 9 10 11 72 73 74 75 76 77 78 79 60 61 62 63 64 65 66 67 68 69 70 71
55 54 53 52 59 58 57 56 43 42 41 40 47 46 45 44 51 50 49 48 95 94 93 92 99 98 97 96 83 82 81 80 87 86 85 84 91 90 89 88 35 34 33 32 39 38 37 36 23 22 21 20 27 26 25 24 31 30 29 28 15 14 13 12 19 18 17 16 3 2 1 0 7 6 5 4 11 10 9 8 75 74 73 72 79 78 77 76 63 62 61 60 67 66 65 64 71 70 69 68
54 55 52 53 58 59 56 57 42 43 40 41 46 47 44 45 50 51 48 49 94 95 92 93 98 99 96 97 82 83 80 81 86 87 84 85 90 91 88 89 34 35 32 33 38 39 36 37 22 23 20 21 26 27 24 25 30 31 28 29 14 15 12 13 18 19 16 17 2 3 0 1 6 7 4 5 10 11 8 9 74 75 72 73 78 79 76 77 62 63 60 61 66 67 64 65 70 71 68 69
57 56 59 58 41 40 43 42 45 44 47 46 49 48 51 50 53 52 55 54 97 96 99 98 81 80 83 82 85 84 87 86 89 88 91 90 93 92 95 94 37 36 39 38 21 20 23 22 25 24 27 26 29 28 31 30 33 32 35 34 17 16 19 18 1 0 3 2 5 4 7 6 9 8 11 10 13 12 15 14 77 76 79 78 61 60 63 62 65 64 67 66 69 68 71 70 73 72 75 74
56 57 58 59 40 41 42 43 44 45 46 47 48 49 50 51 52 53 54 55 96 97 98 99 80 81 82 83 84 85 86 87 88 89 90 91 92 93 94 95 36 37 38 39 20 21 22 23 24 25 26 27 28 29 30 31 32 33 34 35 16 17 18 19 0 1 2 3 4 5 6 7 8 9 10 11 12 13 14 15 76 77 78 79 60 61 62 63 64 65 66 67 68 69 70 71 72 73 74 75
59 58 57 56 43 42 41 40 47 46 45 44 51 50 49 48 55 54 53 52 99 98 97 96 83 82 81 80 87 86 85 84 91 90 89 88 95 94 93 92 39 38 37 36 23 22 21 20 27 26 25 24 31 30 29 28 35 34 33 32 19 18 17 16 3 2 1 0 7 6 5 4 11 10 9 8 15 14 13 12 79 78 77 76 63 62 61 60 67 66 65 64 71 70 69 68 75 74 73 72
58 59 56 57 42 43 40 41 46 47 44 45 50 51 48 49 54 55 52 53 98 99 96 97 82 83 80 81 86 87 84 85 90 91 88 89 94 95 92 93 38 39 36 37 22 23 20 21 26 27 24 25 30 31 28 29 34 35 32 33 18 19 16 17 2 3 0 1 6 7 4 5 10 11 8 9 14 15 12 13 78 79 76 77 62 63 60 61 66 67 64 65 70 71 68 69 74 75 72 73
1 0 3 2 5 4 7 6 9 8 11 10 13 12 15 14 17 16 19 18 21 20 23 22 25 24 27 26 29 28 31 30 33 32 35 34 37 36 39 38 41 40 43 42 45 44 47 46 49 48 51 50 53 52 55 54 57 56 59 58 61 60 63 62 65 64 67 66 69 68 71 70 73 72 75 74 77 76 79 78 81 80 83 82 85 84 87 86 89 88 91 90 93 92 95 94 97 96 99 98
0 1 2 3 4 5 6 7 8 9 10 11 12 13 14 15 16 17 18 19 20 21 22 23 24 25 26 27 28 29 30 31 32 33 34 35 36 37 38 39 40 41 42 43 44 45 46 47 48 49 50 51 52 53 54 55 56 57 58 59 60 61 62 63 64 65 66 67 68 69 70 71 72 73 74 75 76 77 78 79 80 81 82 83 84 85 86 87 88 89 90 91 92 93 94 95 96 97 98 99
3 2 1 0 7 6 5 4 11 10 9 8 15 14 13 12 19 18 17 16 23 22 21 20 27 26 25 24 31 30 29 28 35 34 33 32 39 38 37 36 43 42 41 40 47 46 45 44 51 50 49 48 55 54 53 52 59 58 57 56 63 62 61 60 67 66 65 64 71 70 69 68 75 74 73 72 79 78 77 76 83 82 81 80 87 86 85 84 91 90 89 88 95 94 93 92 99 98 97 96
2 3 0 1 6 7 4 5 10 11 8 9 14 15 12 13 18 19 16 17 22 23 20 21 26 27 24 25 30 31 28 29 34 35 32 33 38 39 36 37 42 43 40 41 46 47 44 45 50 51 48 49 54 55 52 53 58 59 56 57 62 63 60 61 66 67 64 65 70 71 68 69 74 75 72 73 78 79 76 77 82 83 80 81 86 87 84 85 90 91 88 89 94 95 92 93 98 99 96 97
5 4 7 6 9 8 11 10 13 12 15 14 17 16 19 18 1 0 3 2 25 24 27 26 29 28 31 30 33 32 35 34 37 36 39 38 21 20 23 22 45 44 47 46 49 48 51 50 53 52 55 54 57 56 59 58 41 40 43 42 65 64 67 66 69 68 71 70 73 72 75 74 77 76 79 78 61 60 63 62 85 84 87 86 89 88 91 90 93 92 95 94 97 96 99 98 81 80 83 82
4 5 6 7 8 9 10 11 12 13 14 15 16 17 18 19 0 1 2 3 24 25 26 27 28 29 30 31 32 33 34 35 36 37 38 39 20 21 22 23 44 45 46 47 48 49 50 51 52 53 54 55 56 57 58 59 40 41 42 43 64 65 66 67 68 69 70 71 72 73 74 75 76 77 78 79 60 61 62 63 84 85 86 87 88 89 90 91 92 93 94 95 96 97 98 99 80 81 82 83
7 6 5 4 11 10 9 8 15 14 13 12 19 18 17 16 3 2 1 0 27 26 25 24 31 30 29 28 35 34 33 32 39 38 37 36 23 22 21 20 47 46 45 44 51 50 49 48 55 54 53 52 59 58 57 56 43 42 41 40 67 66 65 64 71 70 69 68 75 74 73 72 79 78 77 76 63 62 61 60 87 86 85 84 91 90 89 88 95 94 93 92 99 98 97 96 83 82 81 80
6 7 4 5 10 11 8 9 14 15 12 13 18 19 16 17 2 3 0 1 26 27 24 25 30 31 28 29 34 35 32 33 38 39 36 37 22 23 20 21 46 47 44 45 50 51 48 49 54 55 52 53 58 59 56 57 42 43 40 41 66 67 64 65 70 71 68 69 74 75 72 73 78 79 76 77 62 63 60 61 86 87 84 85 90 91 88 89 94 95 92 93 98 99 96 97 82 83 80 81
9 8 11 10 13 12 15 14 17 16 19 18 1 0 3 2 5 4 7 6 29 28 31 30 33 32 35 34 37 36 39 38 21 20 23 22 25 24 27 26 49 48 51 50 53 52 55 54 57 56 59 58 41 40 43 42 45 44 47 46 69 68 71 70 73 72 75 74 77 76 79 78 61 60 63 62 65 64 67 66 89 88 91 90 93 92 95 94 97 96 99 98 81 80 83 82 85 84 87 86
8 9 10 11 12 13 14 15 16 17 18 19 0 1 2 3 4 5 6 7 28 29 30 31 32 33 34 35 36 37 38 39 20 21 22 23 24 25 26 27 48 49 50 51 52 53 54 55 56 57 58 59 40 41 42 43 44 45 46 47 68 69 70 71 72 73 74 75 76 77 78 79 60 61 62 63 64 65 66 67 88 89 90 91 92 93 94 95 96 97 98 99 80 81 82 83 84 85 86 87
11 10 9 8 15 14 13 12 19 18 17 16 3 2 1 0 7 6 5 4 31 30 29 28 35 34 33 32 39 38 37 36 23 22 21 20 27 26 25 24 51 50 49 48 55 54 53 52 59 58 57 56 43 42 41 40 47 46 45 44 71 70 69 68 75 74 73 72 79 78 77 76 63 62 61 60 67 66 65 64 91 90 89 88 95 94 93 92 99 98 97 96 83 82 81 80 87 86 85 84
10 11 8 9 14 15 12 13 18 19 16 17 2 3 0 1 6 7 4 5 30 31 28 29 34 35 32 33 38 39 36 37 22 23 20 21 26 27 24 25 50 51 48 49 54 55 52 53 58 59 56 57 42 43 40 41 46 47 44 45 70 71 68 69 74 75 72 73 78 79 76 77 62 63 60 61 66 67 64 65 90 91 88 89 94 95 92 93 98 99 96 97 82 83 80 81 86 87 84 85
13 12 15 14 17 16 19 18 1 0 3 2 5 4 7 6 9 8 11 10 33 32 35 34 37 36 39 38 21 20 23 22 25 24 27 26 29 28 31 30 53 52 55 54 57 56 59 58 41 40 43 42 45 44 47 46 49 48 51 50 73 72 75 74 77 76 79 78 61 60 63 62 65 64 67 66 69 68 71 70 93 92 95 94 97 96 99 98 81 80 83 82 85 84 87 86 89 88 91 90
12 13 14 15 16 17 18 19 0 1 2 3 4 5 6 7 8 9 10 11 32 33 34 35 36 37 38 39 20 21 22 23 24 25 26 27 28 29 30 31 52 53 54 55 56 57 58 59 40 41 42 43 44 45 46 47 48 49 50 51 72 73 74 75 76 77 78 79 60 61 62 63 64 65 66 67 68 69 70 71 92 93 94 95 96 97 98 99 80 81 82 83 84 85 86 87 88 89 90 91
15 14 13 12 19 18 17 16 3 2 1 0 7 6 5 4 11 10 9 8 35 34 33 32 39 38 37 36 23 22 21 20 27 26 25 24 31 30 29 28 55 54 53 52 59 58 57 56 43 42 41 40 47 46 45 44 51 50 49 48 75 74 73 72 79 78 77 76 63 62 61 60 67 66 65 64 71 70 69 68 95 94 93 92 99 98 97 96 83 82 81 80 87 86 85 84 91 90 89 88
14 15 12 13 18 19 16 17 2 3 0 1 6 7 4 5 10 11 8 9 34 35 32 33 38 39 36 37 22 23 20 21 26 27 24 25 30 31 28 29 54 55 52 53 58 59 56 57 42 43 40 41 46 47 44 45 50 51 48 49 74 75 72 73 78 79 76 77 62 63 60 61 66 67 64 65 70 71 68 69 94 95 92 93 98 99 96 97 82 83 80 81 86 87 84 85 90 91 88 89
17 16 19 18 1 0 3 2 5 4 7 6 9 8 11 10 13 12 15 14 37 36 39 38 21 20 23 22 25 24 27 26 29 28 31 30 33 32 35 34 57 56 59 58 41 40 43 42 45 44 47 46 49 48 51 50 53 52 55 54 77 76 79 78 61 60 63 62 65 64 67 66 69 68 71 70 73 72 75 74 97 96 99 98 81 80 83 82 85 84 87 86 89 88 91 90 93 92 95 94
16 17 18 19 0 1 2 3 4 5 6 7 8 9 10 11 12 13 14 15 36 37 38 39 20 21 22 23 24 25 26 27 28 29 30 31 32 33 34 35 56 57 58 59 40 41 42 43 44 45 46 47 48 49 50 51 52 53 54 55 76 77 78 79 60 61 62 63 64 65 66 67 68 69 70 71 72 73 74 75 96 97 98 99 80 81 82 83 84 85 86 87 88 89 90 91 92 93 94 95
19 18 17 16 3 2 1 0 7 6 5 4 11 10 9 8 15 14 13 12 39 38 37 36 23 22 21 20 27 26 25 24 31 30 29 28 35 34 33 32 59 58 57 56 43 42 41 40 47 46 45 44 51 50 49 48 55 54 53 52 79 78 77 76 63 62 61 60 67 66 65 64 71 70 69 68 75 74 73 72 99 98 97 96 83 82 81 80 87 86 85 84 91 90 89 88 95 94 93 92
18 19 16 17 2 3 0 1 6 7 4 5 10 11 8 9 14 15 12 13 38 39 36 37 22 23 20 21 26 27 24 25 30 31 28 29 34 35 32 33 58 59 56 57 42 43 40 41 46 47 44 45 50 51 48 49 54 55 52 53 78 79 76 77 62 63 60 61 66 67 64 65 70 71 68 69 74 75 72 73 98 99 96 97 82 83 80 81 86 87 84 85 90 91 88 89 94 95 92 93
81 80 83 82 85 84 87 86 89 88 91 90 93 92 95 94 97 96 99 98 1 0 3 2 5 4 7 6 9 8 11 10 13 12 15 14 17 16 19 18 61 60 63 62 65 64 67 66 69 68 71 70 73 72 75 74 77 76 79 78 21 20 23 22 25 24 27 26 29 28 31 30 33 32 35 34 37 36 39 38 41 40 43 42 45 44 47 46 49 48 51 50 53 52 55 54 57 56 59 58
80 81 82 83 84 85 86 87 88 89 90 91 92 93 94 95 96 97 98 99 0 1 2 3 4 5 6 7 8 9 10 11 12 13 14 15 16 17 18 19 60 61 62 63 64 65 66 67 68 69 70 71 72 73 74 75 76 77 78 79 20 21 22 23 24 25 26 27 28 29 30 31 32 33 34 35 36 37 38 39 40 41 42 43 44 45 46 47 48 49 50 51 52 53 54 55 56 57 58 59
83 82 81 80 87 86 85 84 91 90 89 88 95 94 93 92 99 98 97 96 3 2 1 0 7 6 5 4 11 10 9 8 15 14 13 12 19 18 17 16 63 62 61 60 67 66 65 64 71 70 69 68 75 74 73 72 79 78 77 76 23 22 21 20 27 26 25 24 31 30 29 28 35 34 33 32 39 38 37 36 43 42 41 40 47 46 45 44 51 50 49 48 55 54 53 52 59 58 57 56
82 83 80 81 86 87 84 85 90 91 88 89 94 95 92 93 98 99 96 97 2 3 0 1 6 7 4 5 10 11 8 9 14 15 12 13 18 19 16 17 62 63 60 61 66 67 64 65 70 71 68 69 74 75 72 73 78 79 76 77 22 23 20 21 26 27 24 25 30 31 28 29 34 35 32 33 38 39 36 37 42 43 40 41 46 47 44 45 50 51 48 49 54 55 52 53 58 59 56 57
85 84 87 86 89 88 91 90 93 92 95 94 97 96 99 98 81 80 83 82 5 4 7 6 9 8 11 10 13 12 15 14 17 16 19 18 1 0 3 2 65 64 67 66 69 68 71 70 73 72 75 74 77 76 79 78 61 60 63 62 25 24 27 26 29 28 31 30 33 32 35 34 37 36 39 38 21 20 23 22 45 44 47 46 49 48 51 50 53 52 55 54 57 56 59 58 41 40 43 42
84 85 86 87 88 89 90 91 92 93 94 95 96 97 98 99 80 81 82 83 4 5 6 7 8 9 10 11 12 13 14 15 16 17 18 19 0 1 2 3 64 65 66 67 68 69 70 71 72 73 74 75 76 77 78 79 60 61 62 63 24 25 26 27 28 29 30 31 32 33 34 35 36 37 38 39 20 21 22 23 44 45 46 47 48 49 50 51 52 53 54 55 56 57 58 59 40 41 42 43
87 86 85 84 91 90 89 88 95 94 93 92 99 98 97 96 83 82 81 80 7 6 5 4 11 10 9 8 15 14 13 12 19 18 17 16 3 2 1 0 67 66 65 64 71 70 69 68 75 74 73 72 79 78 77 76 63 62 61 60 27 26 25 24 31 30 29 28 35 34 33 32 39 38 37 36 23 22 21 20 47 46 45 44 51 50 49 48 55 54 53 52 59 58 57 56 43 42 41 40
86 87 84 85 90 91 88 89 94 95 92 93 98 99 96 97 82 83 80 81 6 7 4 5 10 11 8 9 14 15 12 13 18 19 16 17 2 3 0 1 66 67 64 65 70 71 68 69 74 75 72 73 78 79 76 77 62 63 60 61 26 27 24 25 30 31 28 29 34 35 32 33 38 39 36 37 22 23 20 21 46 47 44 45 50 51 48 49 54 55 52 53 58 59 56 57 42 43 40 41
89 88 91 90 93 92 95 94 97 96 99 98 81 80 83 82 85 84 87 86 9 8 11 10 13 12 15 14 17 16 19 18 1 0 3 2 5 4 7 6 69 68 71 70 73 72 75 74 77 76 79 78 61 60 63 62 65 64 67 66 29 28 31 30 33 32 35 34 37 36 39 38 21 20 23 22 25 24 27 26 49 48 51 50 53 52 55 54 57 56 59 58 41 40 43 42 45 44 47 46
88 89 90 91 92 93 94 95 96 97 98 99 80 81 82 83 84 85 86 87 8 9 10 11 12 13 14 15 16 17 18 19 0 1 2 3 4 5 6 7 68 69 70 71 72 73 74 75 76 77 78 79 60 61 62 63 64 65 66 67 28 29 30 31 32 33 34 35 36 37 38 39 20 21 22 23 24 25 26 27 48 49 50 51 52 53 54 55 56 57 58 59 40 41 42 43 44 45 46 47
91 90 89 88 95 94 93 92 99 98 97 96 83 82 81 80 87 86 85 84 11 10 9 8 15 14 13 12 19 18 17 16 3 2 1 0 7 6 5 4 71 70 69 68 75 74 73 72 79 78 77 76 63 62 61 60 67 66 65 64 31 30 29 28 35 34 33 32 39 38 37 36 23 22 21 20 27 26 25 24 51 50 49 48 55 54 53 52 59 58 57 56 43 42 41 40 47 46 45 44
90 91 88 89 94 95 92 93 98 99 96 97 82 83 80 81 86 87 84 85 10 11 8 9 14 15 12 13 18 19 16 17 2 3 0 1 6 7 4 5 70 71 68 69 74 75 72 73 78 79 76 77 62 63 60 61 66 67 64 65 30 31 28 29 34 35 32 33 38 39 36 37 22 23 20 21 26 27 24 25 50 51 48 49 54 55 52 53 58 59 56 57 42 43 40 41 46 47 44 45
93 92 95 94 97 96 99 98 81 80 83 82 85 84 87 86 89 88 91 90 13 12 15 14 17 16 19 18 1 0 3 2 5 4 7 6 9 8 11 10 73 72 75 74 77 76 79 78 61 60 63 62 65 64 67 66 69 68 71 70 33 32 35 34 37 36 39 38 21 20 23 22 25 24 27 26 29 28 31 30 53 52 55 54 57 56 59 58 41 40 43 42 45 44 47 46 49 48 51 50
92 93 94 95 96 97 98 99 80 81 82 83 84 85 86 87 88 89 90 91 12 13 14 15 16 17 18 19 0 1 2 3 4 5 6 7 8 9 10 11 72 73 74 75 76 77 78 79 60 61 62 63 64 65 66 67 68 69 70 71 32 33 34 35 36 37 38 39 20 21 22 23 24 25 26 27 28 29 30 31 52 53 54 55 56 57 58 59 40 41 42 43 44 45 46 47 48 49 50 51
95 94 93 92 99 98 97 96 83 82 81 80 87 86 85 84 91 90 89 88 15 14 13 12 19 18 17 16 3 2 1 0 7 6 5 4 11 10 9 8 75 74 73 72 79 78 77 76 63 62 61 60 67 66 65 64 71 70 69 68 35 34 33 32 39 38 37 36 23 22 21 20 27 26 25 24 31 30 29 28 55 54 53 52 59 58 57 56 43 42 41 40 47 46 45 44 51 50 49 48
94 95 92 93 98 99 96 97 82 83 80 81 86 87 84 85 90 91 88 89 14 15 12 13 18 19 16 17 2 3 0 1 6 7 4 5 10 11 8 9 74 75 72 73 78 79 76 77 62 63 60 61 66 67 64 65 70 71 68 69 34 35 32 33 38 39 36 37 22 23 20 21 26 27 24 25 30 31 28 29 54 55 52 53 58 59 56 57 42 43 40 41 46 47 44 45 50 51 48 49
97 96 99 98 81 80 83 82 85 84 87 86 89 88 91 90 93 92 95 94 17 16 19 18 1 0 3 2 5 4 7 6 9 8 11 10 13 12 15 14 77 76 79 78 61 60 63 62 65 64 67 66 69 68 71 70 73 72 75 74 37 36 39 38 21 20 23 22 25 24 27 26 29 28 31 30 33 32 35 34 57 56 59 58 41 40 43 42 45 44 47 46 49 48 51 50 53 52 55 54
96 97 98 99 80 81 82 83 84 85 86 87 88 89 90 91 92 93 94 95 16 17 18 19 0 1 2 3 4 5 6 7 8 9 10 11 12 13 14 15 76 77 78 79 60 61 62 63 64 65 66 67 68 69 70 71 72 73 74 75 36 37 38 39 20 21 22 23 24 25 26 27 28 29 30 31 32 33 34 35 56 57 58 59 40 41 42 43 44 45 46 47 48 49 50 51 52 53 54 55
99 98 97 96 83 82 81 80 87 86 85 84 91 90 89 88 95 94 93 92 19 18 17 16 3 2 1 0 7 6 5 4 11 10 9 8 15 14 13 12 79 78 77 76 63 62 61 60 67 66 65 64 71 70 69 68 75 74 73 72 39 38 37 36 23 22 21 20 27 26 25 24 31 30 29 28 35 34 33 32 59 58 57 56 43 42 41 40 47 46 45 44 51 50 49 48 55 54 53 52
98 99 96 97 82 83 80 81 86 87 84 85 90 91 88 89 94 95 92 93 18 19 16 17 2 3 0 1 6 7 4 5 10 11 8 9 14 15 12 13 78 79 76 77 62 63 60 61 66 67 64 65 70 71 68 69 74 75 72 73 38 39 36 37 22 23 20 21 26 27 24 25 30 31 28 29 34 35 32 33 58 59 56 57 42 43 40 41 46 47 44 45 50 51 48 49 54 55 52 53
21 20 23 22 25 24 27 26 29 28 31 30 33 32 35 34 37 36 39 38 61 60 63 62 65 64 67 66 69 68 71 70 73 72 75 74 77 76 79 78 81 80 83 82 85 84 87 86 89 88 91 90 93 92 95 94 97 96 99 98 41 40 43 42 45 44 47 46 49 48 51 50 53 52 55 54 57 56 59 58 1 0 3 2 5 4 7 6 9 8 11 10 13 12 15 14 17 16 19 18
20 21 22 23 24 25 26 27 28 29 30 31 32 33 34 35 36 37 38 39 60 61 62 63 64 65 66 67 68 69 70 71 72 73 74 75 76 77 78 79 80 81 82 83 84 85 86 87 88 89 90 91 92 93 94 95 96 97 98 99 40 41 42 43 44 45 46 47 48 49 50 51 52 53 54 55 56 57 58 59 0 1 2 3 4 5 6 7 8 9 10 11 12 13 14 15 16 17 18 19
23 22 21 20 27 26 25 24 31 30 29 28 35 34 33 32 39 38 37 36 63 62 61 60 67 66 65 64 71 70 69 68 75 74 73 72 79 78 77 76 83 82 81 80 87 86 85 84 91 90 89 88 95 94 93 92 99 98 97 96 43 42 41 40 47 46 45 44 51 50 49 48 55 54 53 52 59 58 57 56 3 2 1 0 7 6 5 4 11 10 9 8 15 14 13 12 19 18 17 16
22 23 20 21 26 27 24 25 30 31 28 29 34 35 32 33 38 39 36 37 62 63 60 61 66 67 64 65 70 71 68 69 74 75 72 73 78 79 76 77 82 83 80 81 86 87 84 85 90 91 88 89 94 95 92 93 98 99 96 97 42 43 40 41 46 47 44 45 50 51 48 49 54 55 52 53 58 59 56 57 2 3 0 1 6 7 4 5 10 11 8 9 14 15 12 13 18 19 16 17
25 24 27 26 29 28 31 30 33 32 35 34 37 36 39 38 21 20 23 22 65 64 67 66 69 68 71 70 73 72 75 74 77 76 79 78 61 60 63 62 85 84 87 86 89 88 91 90 93 92 95 94 97 96 99 98 81 80 83 82 45 44 47 46 49 48 51 50 53 52 55 54 57 56 59 58 41 40 43 42 5 4 7 6 9 8 11 10 13 12 15 14 17 16 19 18 1 0 3 2
24 25 26 27 28 29 30 31 32 33 34 35 36 37 38 39 20 21 22 23 64 65 66 67 68 69 70 71 72 73 74 75 76 77 78 79 60 61 62 63 84 85 86 87 88 89 90 91 92 93 94 95 96 97 98 99 80 81 82 83 44 45 46 47 48 49 50 51 52 53 54 55 56 57 58 59 40 41 42 43 4 5 6 7 8 9 10 11 12 13 14 15 16 17 18 19 0 1 2 3
27 26 25 24 31 30 29 28 35 34 33 32 39 38 37 36 23 22 21 20 67 66 65 64 71 70 69 68 75 74 73 72 79 78 77 76 63 62 61 60 87 86 85 84 91 90 89 88 95 94 93 92 99 98 97 96 83 82 81 80 47 46 45 44 51 50 49 48 55 54 53 52 59 58 57 56 43 42 41 40 7 6 5 4 11 10 9 8 15 14 13 12 19 18 17 16 3 2 1 0
26 27 24 25 30 31 28 29 34 35 32 33 38 39 36 37 22 23 20 21 66 67 64 65 70 71 68 69 74 75 72 73 78 79 76 77 62 63 60 61 86 87 84 85 90 91 88 89 94 95 92 93 98 99 96 97 82 83 80 81 46 47 44 45 50 51 48 49 54 55 52 53 58 59 56 57 42 43 40 41 6 7 4 5 10 11 8 9 14 15 12 13 18 19 16 17 2 3 0 1
29 28 31 30 33 32 35 34 37 36 39 38 21 20 23 22 25 24 27 26 69 68 71 70 73 72 75 74 77 76 79 78 61 60 63 62 65 64 67 66 89 88 91 90 93 92 95 94 97 96 99 98 81 80 83 82 85 84 87 86 49 48 51 50 53 52 55 54 57 56 59 58 41 40 43 42 45 44 47 46 9 8 11 10 13 12 15 14 17 16 19 18 1 0 3 2 5 4 7 6
28 29 30 31 32 33 34 35 36 37 38 39 20 21 22 23 24 25 26 27 68 69 70 71 72 73 74 75 76 77 78 79 60 61 62 63 64 65 66 67 88 89 90 91 92 93 94 95 96 97 98 99 80 81 82 83 84 85 86 87 48 49 50 51 52 53 54 55 56 57 58 59 40 41 42 43 44 45 46 47 8 9 10 11 12 13 14 15 16 17 18 19 0 1 2 3 4 5 6 7
31 30 29 28 35 34 33 32 39 38 37 36 23 22 21 20 27 26 25 24 71 70 69 68 75 74 73 72 79 78 77 76 63 62 61 60 67 66 65 64 91 90 89 88 95 94 93 92 99 98 97 96 83 82 81 80 87 86 85 84 51 50 49 48 55 54 53 52 59 58 57 56 43 42 41 40 47 46 45 44 11 10 9 8 15 14 13 12 19 18 17 16 3 2 1 0 7 6 5 4
30 31 28 29 34 35 32 33 38 39 36 37 22 23 20 21 26 27 24 25 70 71 68 69 74 75 72 73 78 79 76 77 62 63 60 61 66 67 64 65 90 91 88 89 94 95 92 93 98 99 96 97 82 83 80 81 86 87 84 85 50 51 48 49 54 55 52 53 58 59 56 57 42 43 40 41 46 47 44 45 10 11 8 9 14 15 12 13 18 19 16 17 2 3 0 1 6 7 4 5
33 32 35 34 37 36 39 38 21 20 23 22 25 24 27 26 29 28 31 30 73 72 75 74 77 76 79 78 61 60 63 62 65 64 67 66 69 68 71 70 93 92 95 94 97 96 99 98 81 80 83 82 85 84 87 86 89 88 91 90 53 52 55 54 57 56 59 58 41 40 43 42 45 44 47 46 49 48 51 50 13 12 15 14 17 16 19 18 1 0 3 2 5 4 7 6 9 8 11 10
32 33 34 35 36 37 38 39 20 21 22 23 24 25 26 27 28 29 30 31 72 73 74 75 76 77 78 79 60 61 62 63 64 65 66 67 68 69 70 71 92 93 94 95 96 97 98 99 80 81 82 83 84 85 86 87 88 89 90 91 52 53 54 55 56 57 58 59 40 41 42 43 44 45 46 47 48 49 50 51 12 13 14 15 16 17 18 19 0 1 2 3 4 5 6 7 8 9 10 11
35 34 33 32 39 38 37 36 23 22 21 20 27 26 25 24 31 30 29 28 75 74 73 72 79 78 77 76 63 62 61 60 67 66 65 64 71 70 69 68 95 94 93 92 99 98 97 96 83 82 81 80 87 86 85 84 91 90 89 88 55 54 53 52 59 58 57 56 43 42 41 40 47 46 45 44 51 50 49 48 15 14 13 12 19 18 17 16 3 2 1 0 7 6 5 4 11 10 9 8
34 35 32 33 38 39 36 37 22 23 20 21 26 27 24 25 30 31 28 29 74 75 72 73 78 79 76 77 62 63 60 61 66 67 64 65 70 71 68 69 94 95 92 93 98 99 96 97 82 83 80 81 86 87 84 85 90 91 88 89 54 55 52 53 58 59 56 57 42 43 40 41 46 47 44 45 50 51 48 49 14 15 12 13 18 19 16 17 2 3 0 1 6 7 4 5 10 11 8 9
37 36 39 38 21 20 23 22 25 24 27 26 29 28 31 30 33 32 35 34 77 76 79 78 61 60 63 62 65 64 67 66 69 68 71 70 73 72 75 74 97 96 99 98 81 80 83 82 85 84 87 86 89 88 91 90 93 92 95 94 57 56 59 58 41 40 43 42 45 44 47 46 49 48 51 50 53 52 55 54 17 16 19 18 1 0 3 2 5 4 7 6 9 8 11 10 13 12 15 14
36 37 38 39 20 21 22 23 24 25 26 27 28 29 30 31 32 33 34 35 76 77 78 79 60 61 62 63 64 65 66 67 68 69 70 71 72 73 74 75 96 97 98 99 80 81 82 83 84 85 86 87 88 89 90 91 92 93 94 95 56 57 58 59 40 41 42 43 44 45 46 47 48 49 50 51 52 53 54 55 16 17 18 19 0 1 2 3 4 5 6 7 8 9 10 11 12 13 14 15
39 38 37 36 23 22 21 20 27 26 25 24 31 30 29 28 35 34 33 32 79 78 77 76 63 62 61 60 67 66 65 64 71 70 69 68 75 74 73 72 99 98 97 96 83 82 81 80 87 86 85 84 91 90 89 88 95 94 93 92 59 58 57 56 43 42 41 40 47 46 45 44 51 50 49 48 55 54 53 52 19 18 17 16 3 2 1 0 7 6 5 4 11 10 9 8 15 14 13 12
38 39 36 37 22 23 20 21 26 27 24 25 30 31 28 29 34 35 32 33 78 79 76 77 62 63 60 61 66 67 64 65 70 71 68 69 74 75 72 73 98 99 96 97 82 83 80 81 86 87 84 85 90 91 88 89 94 95 92 93 58 59 56 57 42 43 40 41 46 47 44 45 50 51 48 49 54 55 52 53 18 19 16 17 2 3 0 1 6 7 4 5 10 11 8 9 14 15 12 13
1000
31 1 41
736 1 70
79 31 49
150 31 19
153 736 95
612 736 24
216 79 87
405 79 0
123 150 69
163 150 85
278 153 76
45 153 73
756 612 40
160 612 70
305 216 13
237 216 83
519 405 24
927 405 29
55 123 13
112 123 50
453 163 83
969 163 25
733 278 85
3 278 51
258 45 94
56 45 76
295 756 17
846 756 62
174 160 89
12 160 72
620 305 33
564 305 9
165 237 54
841 237 94
97 519 73
243 519 41
444 927 16
615 927 45
475 55 32
486 55 48
345 112 32
249 112 30
550 453 94
646 453 42
181 969 88
59 969 52
122 733 95
556 733 12
890 3 11
552 3 81
766 258 10
134 258 59
170 56 36
960 56 50
116 295 78
91 295 57
284 846 18
173 846 48
780 174 0
944 174 66
769 12 7
155 12 0
921 620 30
328 620 36
132 564 85
369 564 77
291 165 6
785 165 23
581 841 30
706 841 8
319 97 62
544 97 11
124 243 67
410 243 99
321 444 87
247 444 58
235 615 7
226 615 33
609 475 24
560 475 59
58 486 83
329 486 25
440 345 5
729 345 72
484 249 17
520 249 25
762 550 51
70 550 83
223 646 86
689 646 58
803 181 62
95 181 52
872 59 21
605 59 37
981 122 20
190 122 45
148 556 5
105 556 60
789 890 64
513 890 1
293 552 89
96 552 21
107 766 36
821 766 5
206 134 50
63 134 34
476 170 11
650 170 37
746 960 56
21 960 86
653 116 43
688 116 75
993 91 25
582 91 48
542 284 64
676 284 54
374 173 23
825 173 30
388 780 32
721 780 45
421 944 53
186 944 96
845 769 51
241 769 33
104 155 5
340 155 89
862 921 93
439 921 91
98 328 23
724 328 73
398 132 32
782 132 53
353 369 60
325 369 64
920 291 47
580 291 64
460 785 60
531 785 30
939 581 63
414 581 54
213 706 85
895 706 12
931 319 76
194 319 49
659 544 1
135 544 38
701 124 18
89 124 69
400 410 50
773 410 25
259 321 54
266 321 62
299 247 25
40 247 91
777 235 79
343 235 92
630 226 52
640 226 81
437 609 81
10 609 66
77 560 51
402 560 33
200 58 69
827 58 24
129 329 69
722 329 93
618 440 69
393 440 85
636 729 58
885 729 11
737 484 78
210 484 2
601 520 8
843 520 25
407 762 7
248 762 97
943 70 83
865 70 91
994 223 32
959 223 72
713 689 66
867 689 54
504 803 20
478 803 82
157 95 56
548 95 24
100 872 15
853 872 34
980 605 30
602 605 74
282 981 3
275 981 79
357 190 41
48 190 41
541 148 11
164 148 57
873 105 98
524 105 4
335 789 60
381 789 79
480 513 92
332 513 77
307 293 12
392 293 20
635 96 67
461 96 3
176 107 29
246 107 10
339 821 67
472 821 78
696 206 52
791 206 15
726 63 67
903 63 82
604 476 54
256 476 2
928 650 55
311 650 45
795 746 22
850 746 91
117 21 46
970 21 58
583 653 27
6 653 70
776 688 89
71 688 35
406 993 83
16 993 6
717 582 28
242 582 29
458 542 12
336 542 64
687 676 54
262 676 36
333 374 46
383 374 97
626 825 12
523 825 32
265 388 34
306 388 8
72 721 89
649 721 6
433 421 17
832 421 31
606 186 68
239 186 19
126 845 73
201 845 90
978 241 69
547 241 8
700 104 40
916 104 66
905 340 90
691 340 59
403 862 25
356 862 75
286 439 66
342 439 45
331 98 71
401 98 91
838 724 75
810 724 5
269 398 11
669 398 44
69 782 72
355 782 68
702 353 83
101 353 80
271 325 11
568 325 54
7 920 52
379 920 28
909 580 68
941 580 52
668 460 44
753 460 44
694 531 35
303 531 62
986 939 67
37 939 49
203 414 56
681 414 91
310 213 73
775 213 91
33 895 48
554 895 44
473 931 82
121 931 92
294 194 61
629 194 57
362 659 18
657 659 93
222 135 7
824 135 46
337 701 71
360 701 64
199 89 13
261 89 25
638 400 3
588 400 6
272 773 38
314 773 3
682 259 21
639 259 10
929 266 29
217 266 45
593 299 44
645 299 69
409 40 90
481 40 72
113 777 15
452 777 12
229 343 6
495 343 8
613 630 78
344 630 15
428 640 85
487 640 96
856 437 61
814 437 44
627 10 46
561 10 53
812 77 53
938 77 36
133 402 79
858 402 70
39 200 68
43 200 4
632 827 90
171 827 67
184 129 95
794 592 7
592 2 63
2 908 65
908 754 12
754 852 41
852 420 8
420 430 73
430 651 13
651 432 83
432 483 90
483 553 19
553 619 42
619 712 14
712 961 9
961 128 93
128 546 27
546 996 22
996 819 17
819 709 33
709 11 74
11 404 1
404 179 29
179 13 32
13 901 26
901 434 47
434 252 0
252 498 47
498 532 60
532 24 67
24 711 4
711 584 10
584 590 57
590 772 46
772 644 60
644 238 35
238 989 38
989 177 42
177 566 93
566 64 4
64 435 31
435 573 94
573 768 22
768 156 45
156 76 94
76 735 20
735 857 98
857 87 76
87 489 94
489 954 68
954 361 31
361 413 34
413 999 62
999 316 4
316 320 78
320 327 33
327 897 20
897 457 95
457 450 98
450 35 67
35 684 61
684 859 62
859 579 96
579 253 59
253 348 32
348 503 71
503 922 59
922 187 29
187 22 37
22 273 40
273 438 15
438 228 6
228 260 75
260 884 5
884 528 0
528 823 85
823 967 42
967 763 86
763 628 32
628 971 36
971 934 97
934 935 23
935 506 37
506 881 91
881 334 72
334 525 32
525 991 20
991 470 74
470 675 43
675 663 39
663 60 17
60 140 77
140 510 27
510 92 76
92 175 77
175 799 24
799 57 1
57 792 55
792 692 21
692 963 23
963 842 99
842 752 88
752 608 16
608 349 12
349 997 8
997 394 4
394 539 86
539 509 94
509 280 78
280 114 83
114 956 74
956 279 1
279 505 59
505 923 46
923 448 89
448 338 28
338 189 8
189 942 25
942 786 13
786 886 90
886 492 76
492 932 32
932 889 29
889 565 96
565 988 56
988 49 82
49 527 22
527 833 22
833 855 74
855 479 42
479 502 89
502 263 49
263 570 60
570 99 46
99 183 38
183 172 20
172 654 7
654 17 44
17 715 41
715 51 66
51 952 95
952 557 92
557 466 31
466 647 15
647 350 41
350 828 63
828 288 84
288 449 69
449 496 70
496 562 5
562 902 99
902 666 97
666 537 90
537 844 65
844 641 30
641 289 54
289 793 38
793 396 19
396 830 22
830 757 54
757 158 34
158 797 79
797 351 29
351 882 99
882 710 39
710 110 81
28 671 58
671 919 56
919 412 18
412 652 97
652 511 5
511 507 64
507 704 36
704 529 84
529 115 17
115 616 58
616 322 97
322 787 6
787 678 6
678 27 78
27 427 91
427 131 82
131 883 79
883 809 91
809 254 62
254 587 47
587 30 95
30 68 18
68 399 56
399 518 80
518 330 2
330 119 46
119 233 29
233 946 7
946 66 3
66 244 5
244 387 72
387 415 58
415 84 96
84 44 50
44 377 95
377 806 46
806 545 90
545 90 84
90 771 10
771 298 47
298 93 98
93 389 86
389 80 93
80 34 33
34 656 87
656 94 95
94 463 59
463 926 16
926 685 73
685 699 12
699 915 46
915 914 22
914 925 65
925 575 8
575 805 63
805 917 33
917 924 98
924 888 28
888 962 36
962 497 82
497 474 48
474 948 63
948 385 31
385 718 40
718 281 44
281 743 48
743 73 78
73 597 44
597 106 4
106 4 34
4 871 63
871 118 35
118 739 2
739 826 19
826 154 37
154 829 97
829 911 74
911 801 80
801 898 52
898 972 24
972 219 48
219 876 85
876 300 64
300 661 25
661 955 16
955 367 56
367 732 42
732 297 13
297 899 58
899 725 39
725 591 10
591 665 3
665 283 88
283 730 97
730 227 29
227 798 43
798 167 17
167 631 89
631 521 49
521 892 47
892 292 38
292 896 78
896 47 29
47 854 62
854 423 31
423 245 65
245 603 67
603 697 93
697 784 5
784 918 34
918 422 4
422 585 21
585 446 6
446 501 72
501 419 51
419 807 36
807 672 92
672 191 22
191 747 61
747 887 48
887 274 73
274 576 54
576 983 28
983 758 94
758 808 31
808 127 16
127 23 73
23 215 81
215 346 44
346 745 25
745 417 30
417 975 22
975 567 25
567 549 80
549 868 68
868 255 28
255 760 80
760 738 45
738 83 86
83 839 10
839 197 38
197 951 23
951 74 58
74 61 24
61 536 93
536 820 50
820 749 48
749 451 57
451 85 25
85 522 82
522 594 28
594 543 40
543 837 45
837 142 67
142 774 20
774 302 0
302 309 40
309 52 46
52 796 39
796 145 12
145 359 49
359 375 67
375 875 16
875 323 37
323 429 61
429 660 80
660 120 2
1 794 98
1 28 4
703 1000 33
1000 53 95
703 445 99
1000 138 30
53 728 80
138 232 62
703 141 57
138 764 10
445 384 99
703 804 78
804 198 33
53 714 46
141 953 60
141 41 32
804 220 94
232 559 24
714 648 65
804 614 12
393 138 13
690 767 9
690 373 37
690 146 40
690 431 8
690 368 4
690 874 9
690 212 36
690 555 69
690 166 54
690 755 38
690 816 61
690 982 28
690 802 24
690 500 22
690 508 8
690 574 98
690 240 49
690 376 42
690 727 93
690 949 75
690 966 85
690 454 28
690 364 53
690 159 31
690 976 68
690 878 40
690 662 16
690 984 85
690 761 43
690 708 16
690 317 52
690 151 44
690 693 36
690 870 27
690 788 74
745 976 98
750 778 5
778 811 34
811 324 25
750 744 66
750 88 72
744 783 42
783 20 88
778 382 13
324 866 96
744 341 9
88 136 31
341 318 31
136 679 98
318 65 63
783 447 34
866 304 91
679 15 53
304 326 71
326 686 34
65 180 69
304 831 43
180 995 23
686 840 57
447 599 15
343 304 38
50 863 96
50 366 22
50 964 2
50 891 30
50 670 10
50 86 0
50 940 22
50 209 84
50 81 58
50 707 59
50 770 91
50 533 74
50 634 25
50 683 32
50 540 74
50 211 8
50 751 4
50 800 7
50 493 11
50 674 67
50 589 53
50 936 98
50 378 60
50 276 56
50 149 6
50 526 48
50 906 99
50 144 47
50 815 39
50 719 9
50 455 4
50 267 57
50 571 73
50 143 76
50 178 82
50 224 87
50 390 16
50 102 47
50 32 35
50 182 44
50 894 97
50 38 39
50 234 41
50 426 97
50 813 45
50 264 92
614 719 50
467 418 87
418 985 21
985 720 5
720 577 58
577 595 34
595 225 39
225 19 35
19 270 27
270 864 96
864 947 23
947 586 99
586 347 50
347 380 20
380 78 98
78 268 18
268 46 9
46 192 31
192 817 35
817 193 93
193 723 49
723 54 42
54 563 7
563 945 61
945 904 69
904 464 82
464 836 67
836 968 63
968 462 91
462 869 65
869 308 24
308 125 44
125 471 6
471 516 43
80 225 55
208 372 7
208 861 87
372 517 84
372 600 92
861 75 19
861 558 84
517 67 18
517 442 8
600 162 19
600 137 42
75 468 17
75 695 70
558 979 80
558 990 14
67 974 73
67 667 78
442 910 18
442 642 75
162 950 65
162 411 14
137 29 29
137 477 46
468 8 98
468 705 77
695 622 86
695 611 70
831 990 90
490 231 56
490 202 20
202 617 93
231 748 54
617 250 97
231 196 32
231 397 55
617 169 21
250 551 50
748 488 34
169 108 62
617 514 82
551 848 12
169 82 49
488 395 14
82 436 52
514 578 5
488 195 61
195 977 38
488 822 55
108 42 71
848 740 82
740 731 91
731 285 86
822 465 89
42 759 44
759 673 11
465 621 84
731 354 13
822 698 21
621 301 61
740 370 72
673 499 79
621 633 69
759 913 20
621 469 85
301 535 37
633 742 5
535 459 33
873 196 16
835 277 4
835 992 50
992 716 49
277 625 91
625 130 35
625 147 88
625 572 91
147 25 67
277 482 29
25 677 83
716 185 2
992 515 61
992 538 16
185 161 21
482 371 73
515 62 62
25 424 75
161 907 52
907 204 59
130 416 88
277 358 76
716 386 42
482 230 73
161 957 14
147 365 51
185 14 74
538 139 66
25 879 68
957 287 30
204 958 17
185 352 26
139 313 7
958 596 6
352 624 73
14 937 91
277 9 87
358 569 36
937 36 13
572 900 32
881 287 51
205 103 72
205 152 41
152 188 77
188 491 15
205 391 82
491 218 31
188 912 71
491 5 45
491 987 62
152 734 24
103 643 44
152 664 25
188 741 23
5 443 24
643 290 98
443 623 10
912 485 10
5 847 48
623 965 93
847 781 22
485 312 32
290 530 36
530 655 10
623 930 8
530 111 24
781 534 14
965 207 93
111 363 52
207 221 57
655 880 34
880 818 70
818 456 15
534 893 77
893 18 4
456 441 8
880 790 68
221 933 62
933 658 41
818 109 26
124 221 79
637 607 13
637 236 57
607 494 58
607 834 48
236 598 48
236 849 59
494 296 55
494 251 94
834 765 99
834 512 49
598 973 2
598 257 33
849 851 19
849 877 98
296 998 88
296 214 36
251 680 58
251 425 86
765 779 2
765 315 15
512 168 33
512 860 41
973 408 20
973 610 49
257 26 31
441 425 75
0 0 0 0 0 0 0 0 0 0 0 0 0 0 0 0 0 0 0 0 0 0 0 0 0 0 0 0 0 0 0 0 0 0 0 0 0 0 0 0 0 0 0 0 0 0 0 0 0 0 0 0 0 0 0 0 0 0 0 0 0 0 0 0 0 0 0 0 0 0 0 0 0 0 0 0 0 0 0 0 0 0 0 0 0 0 0 0 0 0 0 0 0 0 0 0 0 0 0 0 0 0 0 0 0 0 0 0 0 0 0 0 0 0 0 0 0 0 0 0 0 0 0 0 0 0 0 0 0 0 0 0 0 0 0 0 0 0 0 0 0 0 0 0 0 0 0 0 0 0 0 0 0 0 0 0 0 0 0 0 0 0 0 0 0 0 0 0 0 0 0 0 0 0 0 0 0 0 0 0 0 0 0 0 0 0 0 0 0 0 0 0 0 0 0 0 0 0 0 0 0 0 0 0 0 0 0 0 0 0 0 0 0 0 0 0 0 0 0 0 0 0 0 0 0 0 0 0 0 0 0 0 0 0 0 0 0 0 0 0 0 0 0 0 0 0 0 0 0 0 0 0 0 0 0 0 0 0 0 0 0 0 0 0 0 0 0 0 0 0 0 0 0 0 0 0 0 0 0 0 0 0 0 0 0 0 0 0 0 0 0 0 0 0 0 0 0 0 0 0 0 0 0 0 0 0 0 0 0 0 0 0 0 0 0 0 0 0 0 0 0 0 0 0 0 0 0 0 0 0 0 0 0 0 0 0 0 0 0 0 0 0 0 0 0 0 0 0 0 0 0 0 0 0 0 0 0 0 0 0 0 0 0 0 0 0 0 0 0 0 0 0 0 0 0 0 0 0 0 0 0 0 0 0 0 0 0 0 0 0 0 0 0 0 0 0 0 0 0 0 0 0 0 0 0 0 0 0 0 0 0 0 0 0 0 0 0 0 0 0 0 0 0 0 0 0 0 0 0 0 0 0 0 0 0 0 0 0 0 0 0 0 0 0 0 0 0 0 0 0 0 0 0 0 0 0 0 0 0 0 0 0 0 0 0 0 0 0 0 0 0 0 0 0 0 0 0 0 0 0 0 0 0 0 0 0 0 0 0 0 0 0 0 0 0 0 0 0 0 0 0 0 0 0 0 0 0 0 0 0 0 0 0 0 0 0 0 0 0 0 0 0 0 0 0 0 0 0 0 0 0 0 0 0 0 0 0 0 0 0 0 0 0 0 0 0 0 0 0 0 0 0 0 0 0 0 0 0 0 0 0 0 0 0 0 0 0 0 0 0 0 0 0 0 0 0 0 0 0 0 0 0 0 0 0 0 0 0 0 0 0 0 0 0 0 0 0 0 0 0 0 0 0 0 0 0 0 0 0 0 0 0 0 0 0 0 0 0 0 0 0 0 0 0 0 0 0 0 0 0 0 0 0 0 0 0 0 0 0 0 0 0 0 0 0 0 0 0 0 0 0 0 0 0 0 0 0 0 0 0 0 0 0 0 0 0 0 0 0 0 0 0 0 0 0 0 0 0 0 0 0 0 0 0 0 0 0 0 0 0 0 0 0 0 0 0 0 0 0 0 0 0 0 0 0 0 0 0 0 0 0 0 0 0 0 0 0 0 0 0 0 0 0 0 0 0 0 0 0 0 0 0 0 0 0 0 0 0 0 0 0 0 0 0 0 0 0 0 0 0 0 0 0 0 0 0 0 0 0 0 0 0 0 0 0 0 0 0 0 0 0 0 0 0 0 0 0 0 0 0 0 0 0 0 0 0 0 0 0 0 0 0 0 0 0 0 0 0 0 0 0 0 0 0 0 0 0 0 0 0 0 0 0 0 0 0 0 0 0 0 0 0 0 0 0 0 0 0 0 0 0 0 0 0 0 0 0 0 0 0 0 0 0 0 0 0 0 0 0 0 0 0 0 0 0 0 0 0 0 0 0 0 0 0 0 0 0 0 0 0 0 0 0 0 0 0 0 0 0 0 0 0 0 0 0 0 0 0 0 0 0 0 0 0 0 0 0 0 0 0 0 0 0 0 0 0 0 0 0 0 0 0 0 0 0 0 0 0 0 0 0 0 0 0 0 0 0 0 0 0 0 0 0 0 0 0 0 0 0 0 0 0 0 0 0 0 0 0 0 0 0 0 0 0 0 0 0 0 0 0 0 0 0 0 0 0 0 0 0 0 0 0 0 0 0 0 0 0 0 0 0 0 0 0 0 0 0 0 0 0 0 0 0 0 0 0 0 0 0 0
