E
98
0 1 2 3 4 5 6 7 8 9 10 11 12 13 14 15 16 17 18 19 20 21 22 23 24 25 26 27 28 29 30 31 32 33 34 35 36 37 38 39 40 41 42 43 44 45 46 47 48 49 50 51 52 53 54 55 56 57 58 59 60 61 62 63 64 65 66 67 68 69 70 71 72 73 74 75 76 77 78 79 80 81 82 83 84 85 86 87 88 89 90 91 92 93 94 95 96 97
1 0 3 2 5 4 7 6 9 8 11 10 13 12 15 14 17 16 19 18 21 20 23 22 25 24 27 26 29 28 31 30 33 32 35 34 37 36 39 38 41 40 43 42 45 44 47 46 49 48 51 50 53 52 55 54 57 56 59 58 61 60 63 62 65 64 67 66 69 68 71 70 73 72 75 74 77 76 79 78 81 80 83 82 85 84 87 86 89 88 91 90 93 92 95 94 97 96
2 3 8 9 12 13 4 5 6 7 0 1 10 11 16 17 22 23 26 27 18 19 20 21 14 15 24 25 30 31 36 37 40 41 32 33 34 35 28 29 38 39 44 45 50 51 54 55 46 47 48 49 42 43 52 53 58 59 64 65 68 69 60 61 62 63 56 57 66 67 72 73 78 79 82 83 74 75 76 77 70 71 80 81 86 87 92 93 96 97 88 89 90 91 84 85 94 95
3 2 9 8 13 12 5 4 7 6 1 0 11 10 17 16 23 22 27 26 19 18 21 20 15 14 25 24 31 30 37 36 41 40 33 32 35 34 29 28 39 38 45 44 51 50 55 54 47 46 49 48 43 42 53 52 59 58 65 64 69 68 61 60 63 62 57 56 67 66 73 72 79 78 83 82 75 74 77 76 71 70 81 80 87 86 93 92 97 96 89 88 91 90 85 84 95 94
4 5 12 13 2 3 0 1 10 11 6 7 8 9 18 19 26 27 16 17 14 15 24 25 20 21 22 23 32 33 40 41 30 31 28 29 38 39 34 35 36 37 46 47 54 55 44 45 42 43 52 53 48 49 50 51 60 61 68 69 58 59 56 57 66 67 62 63 64 65 74 75 82 83 72 73 70 71 80 81 76 77 78 79 88 89 96 97 86 87 84 85 94 95 90 91 92 93
5 4 13 12 3 2 1 0 11 10 7 6 9 8 19 18 27 26 17 16 15 14 25 24 21 20 23 22 33 32 41 40 31 30 29 28 39 38 35 34 37 36 47 46 55 54 45 44 43 42 53 52 49 48 51 50 61 60 69 68 59 58 57 56 67 66 63 62 65 64 75 74 83 82 73 72 71 70 81 80 77 76 79 78 89 88 97 96 87 86 85 84 95 94 91 90 93 92
6 7 4 5 0 1 10 11 12 13 8 9 2 3 20 21 18 19 14 15 24 25 26 27 22 23 16 17 34 35 32 33 28 29 38 39 40 41 36 37 30 31 48 49 46 47 42 43 52 53 54 55 50 51 44 45 62 63 60 61 56 57 66 67 68 69 64 65 58 59 76 77 74 75 70 71 80 81 82 83 78 79 72 73 90 91 88 89 84 85 94 95 96 97 92 93 86 87
7 6 5 4 1 0 11 10 13 12 9 8 3 2 21 20 19 18 15 14 25 24 27 26 23 22 17 16 35 34 33 32 29 28 39 38 41 40 37 36 31 30 49 48 47 46 43 42 53 52 55 54 51 50 45 44 63 62 61 60 57 56 67 66 69 68 65 64 59 58 77 76 75 74 71 70 81 80 83 82 79 78 73 72 91 90 89 88 85 84 95 94 97 96 93 92 87 86
8 9 6 7 10 11 12 13 4 5 2 3 0 1 22 23 20 21 24 25 26 27 18 19 16 17 14 15 36 37 34 35 38 39 40 41 32 33 30 31 28 29 50 51 48 49 52 53 54 55 46 47 44 45 42 43 64 65 62 63 66 67 68 69 60 61 58 59 56 57 78 79 76 77 80 81 82 83 74 75 72 73 70 71 92 93 90 91 94 95 96 97 88 89 86 87 84 85
9 8 7 6 11 10 13 12 5 4 3 2 1 0 23 22 21 20 25 24 27 26 19 18 17 16 15 14 37 36 35 34 39 38 41 40 33 32 31 30 29 28 51 50 49 48 53 52 55 54 47 46 45 44 43 42 65 64 63 62 67 66 69 68 61 60 59 58 57 56 79 78 77 76 81 80 83 82 75 74 73 72 71 70 93 92 91 90 95 94 97 96 89 88 87 86 85 84
10 11 0 1 6 7 8 9 2 3 12 13 4 5 24 25 14 15 20 21 22 23 16 17 26 27 18 19 38 39 28 29 34 35 36 37 30 31 40 41 32 33 52 53 42 43 48 49 50 51 44 45 54 55 46 47 66 67 56 57 62 63 64 65 58 59 68 69 60 61 80 81 70 71 76 77 78 79 72 73 82 83 74 75 94 95 84 85 90 91 92 93 86 87 96 97 88 89
11 10 1 0 7 6 9 8 3 2 13 12 5 4 25 24 15 14 21 20 23 22 17 16 27 26 19 18 39 38 29 28 35 34 37 36 31 30 41 40 33 32 53 52 43 42 49 48 51 50 45 44 55 54 47 46 67 66 57 56 63 62 65 64 59 58 69 68 61 60 81 80 71 70 77 76 79 78 73 72 83 82 75 74 95 94 85 84 91 90 93 92 87 86 97 96 89 88
12 13 10 11 8 9 2 3 0 1 4 5 6 7 26 27 24 25 22 23 16 17 14 15 18 19 20 21 40 41 38 39 36 37 30 31 28 29 32 33 34 35 54 55 52 53 50 51 44 45 42 43 46 47 48 49 68 69 66 67 64 65 58 59 56 57 60 61 62 63 82 83 80 81 78 79 72 73 70 71 74 75 76 77 96 97 94 95 92 93 86 87 84 85 88 89 90 91
13 12 11 10 9 8 3 2 1 0 5 4 7 6 27 26 25 24 23 22 17 16 15 14 19 18 21 20 41 40 39 38 37 36 31 30 29 28 33 32 35 34 55 54 53 52 51 50 45 44 43 42 47 46 49 48 69 68 67 66 65 64 59 58 57 56 61 60 63 62 83 82 81 80 79 78 73 72 71 70 75 74 77 76 97 96 95 94 93 92 87 86 85 84 89 88 91 90
14 15 16 17 18 19 20 21 22 23 24 25 26 27 42 43 44 45 46 47 48 49 50 51 52 53 54 55 70 71 72 73 74 75 76 77 78 79 80 81 82 83 28 29 30 31 32 33 34 35 36 37 38 39 40 41 84 85 86 87 88 89 90 91 92 93 94 95 96 97 56 57 58 59 60 61 62 63 64 65 66 67 68 69 0 1 2 3 4 5 6 7 8 9 10 11 12 13
15 14 17 16 19 18 21 20 23 22 25 24 27 26 43 42 45 44 47 46 49 48 51 50 53 52 55 54 71 70 73 72 75 74 77 76 79 78 81 80 83 82 29 28 31 30 33 32 35 34 37 36 39 38 41 40 85 84 87 86 89 88 91 90 93 92 95 94 97 96 57 56 59 58 61 60 63 62 65 64 67 66 69 68 1 0 3 2 5 4 7 6 9 8 11 10 13 12
16 17 22 23 26 27 18 19 20 21 14 15 24 25 44 45 50 51 54 55 46 47 48 49 42 43 52 53 72 73 78 79 82 83 74 75 76 77 70 71 80 81 30 31 36 37 40 41 32 33 34 35 28 29 38 39 86 87 92 93 96 97 88 89 90 91 84 85 94 95 58 59 64 65 68 69 60 61 62 63 56 57 66 67 2 3 8 9 12 13 4 5 6 7 0 1 10 11
17 16 23 22 27 26 19 18 21 20 15 14 25 24 45 44 51 50 55 54 47 46 49 48 43 42 53 52 73 72 79 78 83 82 75 74 77 76 71 70 81 80 31 30 37 36 41 40 33 32 35 34 29 28 39 38 87 86 93 92 97 96 89 88 91 90 85 84 95 94 59 58 65 64 69 68 61 60 63 62 57 56 67 66 3 2 9 8 13 12 5 4 7 6 1 0 11 10
18 19 26 27 16 17 14 15 24 25 20 21 22 23 46 47 54 55 44 45 42 43 52 53 48 49 50 51 74 75 82 83 72 73 70 71 80 81 76 77 78 79 32 33 40 41 30 31 28 29 38 39 34 35 36 37 88 89 96 97 86 87 84 85 94 95 90 91 92 93 60 61 68 69 58 59 56 57 66 67 62 63 64 65 4 5 12 13 2 3 0 1 10 11 6 7 8 9
19 18 27 26 17 16 15 14 25 24 21 20 23 22 47 46 55 54 45 44 43 42 53 52 49 48 51 50 75 74 83 82 73 72 71 70 81 80 77 76 79 78 33 32 41 40 31 30 29 28 39 38 35 34 37 36 89 88 97 96 87 86 85 84 95 94 91 90 93 92 61 60 69 68 59 58 57 56 67 66 63 62 65 64 5 4 13 12 3 2 1 0 11 10 7 6 9 8
20 21 18 19 14 15 24 25 26 27 22 23 16 17 48 49 46 47 42 43 52 53 54 55 50 51 44 45 76 77 74 75 70 71 80 81 82 83 78 79 72 73 34 35 32 33 28 29 38 39 40 41 36 37 30 31 90 91 88 89 84 85 94 95 96 97 92 93 86 87 62 63 60 61 56 57 66 67 68 69 64 65 58 59 6 7 4 5 0 1 10 11 12 13 8 9 2 3
21 20 19 18 15 14 25 24 27 26 23 22 17 16 49 48 47 46 43 42 53 52 55 54 51 50 45 44 77 76 75 74 71 70 81 80 83 82 79 78 73 72 35 34 33 32 29 28 39 38 41 40 37 36 31 30 91 90 89 88 85 84 95 94 97 96 93 92 87 86 63 62 61 60 57 56 67 66 69 68 65 64 59 58 7 6 5 4 1 0 11 10 13 12 9 8 3 2
22 23 20 21 24 25 26 27 18 19 16 17 14 15 50 51 48 49 52 53 54 55 46 47 44 45 42 43 78 79 76 77 80 81 82 83 74 75 72 73 70 71 36 37 34 35 38 39 40 41 32 33 30 31 28 29 92 93 90 91 94 95 96 97 88 89 86 87 84 85 64 65 62 63 66 67 68 69 60 61 58 59 56 57 8 9 6 7 10 11 12 13 4 5 2 3 0 1
23 22 21 20 25 24 27 26 19 18 17 16 15 14 51 50 49 48 53 52 55 54 47 46 45 44 43 42 79 78 77 76 81 80 83 82 75 74 73 72 71 70 37 36 35 34 39 38 41 40 33 32 31 30 29 28 93 92 91 90 95 94 97 96 89 88 87 86 85 84 65 64 63 62 67 66 69 68 61 60 59 58 57 56 9 8 7 6 11 10 13 12 5 4 3 2 1 0
24 25 14 15 20 21 22 23 16 17 26 27 18 19 52 53 42 43 48 49 50 51 44 45 54 55 46 47 80 81 70 71 76 77 78 79 72 73 82 83 74 75 38 39 28 29 34 35 36 37 30 31 40 41 32 33 94 95 84 85 90 91 92 93 86 87 96 97 88 89 66 67 56 57 62 63 64 65 58 59 68 69 60 61 10 11 0 1 6 7 8 9 2 3 12 13 4 5
25 24 15 14 21 20 23 22 17 16 27 26 19 18 53 52 43 42 49 48 51 50 45 44 55 54 47 46 81 80 71 70 77 76 79 78 73 72 83 82 75 74 39 38 29 28 35 34 37 36 31 30 41 40 33 32 95 94 85 84 91 90 93 92 87 86 97 96 89 88 67 66 57 56 63 62 65 64 59 58 69 68 61 60 11 10 1 0 7 6 9 8 3 2 13 12 5 4
26 27 24 25 22 23 16 17 14 15 18 19 20 21 54 55 52 53 50 51 44 45 42 43 46 47 48 49 82 83 80 81 78 79 72 73 70 71 74 75 76 77 40 41 38 39 36 37 30 31 28 29 32 33 34 35 96 97 94 95 92 93 86 87 84 85 88 89 90 91 68 69 66 67 64 65 58 59 56 57 60 61 62 63 12 13 10 11 8 9 2 3 0 1 4 5 6 7
27 26 25 24 23 22 17 16 15 14 19 18 21 20 55 54 53 52 51 50 45 44 43 42 47 46 49 48 83 82 81 80 79 78 73 72 71 70 75 74 77 76 41 40 39 38 37 36 31 30 29 28 33 32 35 34 97 96 95 94 93 92 87 86 85 84 89 88 91 90 69 68 67 66 65 64 59 58 57 56 61 60 63 62 13 12 11 10 9 8 3 2 1 0 5 4 7 6
28 29 30 31 32 33 34 35 36 37 38 39 40 41 70 71 72 73 74 75 76 77 78 79 80 81 82 83 84 85 86 87 88 89 90 91 92 93 94 95 96 97 56 57 58 59 60 61 62 63 64 65 66 67 68 69 14 15 16 17 18 19 20 21 22 23 24 25 26 27 0 1 2 3 4 5 6 7 8 9 10 11 12 13 42 43 44 45 46 47 48 49 50 51 52 53 54 55
29 28 31 30 33 32 35 34 37 36 39 38 41 40 71 70 73 72 75 74 77 76 79 78 81 80 83 82 85 84 87 86 89 88 91 90 93 92 95 94 97 96 57 56 59 58 61 60 63 62 65 64 67 66 69 68 15 14 17 16 19 18 21 20 23 22 25 24 27 26 1 0 3 2 5 4 7 6 9 8 11 10 13 12 43 42 45 44 47 46 49 48 51 50 53 52 55 54
30 31 36 37 40 41 32 33 34 35 28 29 38 39 72 73 78 79 82 83 74 75 76 77 70 71 80 81 86 87 92 93 96 97 88 89 90 91 84 85 94 95 58 59 64 65 68 69 60 61 62 63 56 57 66 67 16 17 22 23 26 27 18 19 20 21 14 15 24 25 2 3 8 9 12 13 4 5 6 7 0 1 10 11 44 45 50 51 54 55 46 47 48 49 42 43 52 53
31 30 37 36 41 40 33 32 35 34 29 28 39 38 73 72 79 78 83 82 75 74 77 76 71 70 81 80 87 86 93 92 97 96 89 88 91 90 85 84 95 94 59 58 65 64 69 68 61 60 63 62 57 56 67 66 17 16 23 22 27 26 19 18 21 20 15 14 25 24 3 2 9 8 13 12 5 4 7 6 1 0 11 10 45 44 51 50 55 54 47 46 49 48 43 42 53 52
32 33 40 41 30 31 28 29 38 39 34 35 36 37 74 75 82 83 72 73 70 71 80 81 76 77 78 79 88 89 96 97 86 87 84 85 94 95 90 91 92 93 60 61 68 69 58 59 56 57 66 67 62 63 64 65 18 19 26 27 16 17 14 15 24 25 20 21 22 23 4 5 12 13 2 3 0 1 10 11 6 7 8 9 46 47 54 55 44 45 42 43 52 53 48 49 50 51
33 32 41 40 31 30 29 28 39 38 35 34 37 36 75 74 83 82 73 72 71 70 81 80 77 76 79 78 89 88 97 96 87 86 85 84 95 94 91 90 93 92 61 60 69 68 59 58 57 56 67 66 63 62 65 64 19 18 27 26 17 16 15 14 25 24 21 20 23 22 5 4 13 12 3 2 1 0 11 10 7 6 9 8 47 46 55 54 45 44 43 42 53 52 49 48 51 50
34 35 32 33 28 29 38 39 40 41 36 37 30 31 76 77 74 75 70 71 80 81 82 83 78 79 72 73 90 91 88 89 84 85 94 95 96 97 92 93 86 87 62 63 60 61 56 57 66 67 68 69 64 65 58 59 20 21 18 19 14 15 24 25 26 27 22 23 16 17 6 7 4 5 0 1 10 11 12 13 8 9 2 3 48 49 46 47 42 43 52 53 54 55 50 51 44 45
35 34 33 32 29 28 39 38 41 40 37 36 31 30 77 76 75 74 71 70 81 80 83 82 79 78 73 72 91 90 89 88 85 84 95 94 97 96 93 92 87 86 63 62 61 60 57 56 67 66 69 68 65 64 59 58 21 20 19 18 15 14 25 24 27 26 23 22 17 16 7 6 5 4 1 0 11 10 13 12 9 8 3 2 49 48 47 46 43 42 53 52 55 54 51 50 45 44
36 37 34 35 38 39 40 41 32 33 30 31 28 29 78 79 76 77 80 81 82 83 74 75 72 73 70 71 92 93 90 91 94 95 96 97 88 89 86 87 84 85 64 65 62 63 66 67 68 69 60 61 58 59 56 57 22 23 20 21 24 25 26 27 18 19 16 17 14 15 8 9 6 7 10 11 12 13 4 5 2 3 0 1 50 51 48 49 52 53 54 55 46 47 44 45 42 43
37 36 35 34 39 38 41 40 33 32 31 30 29 28 79 78 77 76 81 80 83 82 75 74 73 72 71 70 93 92 91 90 95 94 97 96 89 88 87 86 85 84 65 64 63 62 67 66 69 68 61 60 59 58 57 56 23 22 21 20 25 24 27 26 19 18 17 16 15 14 9 8 7 6 11 10 13 12 5 4 3 2 1 0 51 50 49 48 53 52 55 54 47 46 45 44 43 42
38 39 28 29 34 35 36 37 30 31 40 41 32 33 80 81 70 71 76 77 78 79 72 73 82 83 74 75 94 95 84 85 90 91 92 93 86 87 96 97 88 89 66 67 56 57 62 63 64 65 58 59 68 69 60 61 24 25 14 15 20 21 22 23 16 17 26 27 18 19 10 11 0 1 6 7 8 9 2 3 12 13 4 5 52 53 42 43 48 49 50 51 44 45 54 55 46 47
39 38 29 28 35 34 37 36 31 30 41 40 33 32 81 80 71 70 77 76 79 78 73 72 83 82 75 74 95 94 85 84 91 90 93 92 87 86 97 96 89 88 67 66 57 56 63 62 65 64 59 58 69 68 61 60 25 24 15 14 21 20 23 22 17 16 27 26 19 18 11 10 1 0 7 6 9 8 3 2 13 12 5 4 53 52 43 42 49 48 51 50 45 44 55 54 47 46
40 41 38 39 36 37 30 31 28 29 32 33 34 35 82 83 80 81 78 79 72 73 70 71 74 75 76 77 96 97 94 95 92 93 86 87 84 85 88 89 90 91 68 69 66 67 64 65 58 59 56 57 60 61 62 63 26 27 24 25 22 23 16 17 14 15 18 19 20 21 12 13 10 11 8 9 2 3 0 1 4 5 6 7 54 55 52 53 50 51 44 45 42 43 46 47 48 49
41 40 39 38 37 36 31 30 29 28 33 32 35 34 83 82 81 80 79 78 73 72 71 70 75 74 77 76 97 96 95 94 93 92 87 86 85 84 89 88 91 90 69 68 67 66 65 64 59 58 57 56 61 60 63 62 27 26 25 24 23 22 17 16 15 14 19 18 21 20 13 12 11 10 9 8 3 2 1 0 5 4 7 6 55 54 53 52 51 50 45 44 43 42 47 46 49 48
42 43 44 45 46 47 48 49 50 51 52 53 54 55 28 29 30 31 32 33 34 35 36 37 38 39 40 41 56 57 58 59 60 61 62 63 64 65 66 67 68 69 70 71 72 73 74 75 76 77 78 79 80 81 82 83 0 1 2 3 4 5 6 7 8 9 10 11 12 13 84 85 86 87 88 89 90 91 92 93 94 95 96 97 14 15 16 17 18 19 20 21 22 23 24 25 26 27
43 42 45 44 47 46 49 48 51 50 53 52 55 54 29 28 31 30 33 32 35 34 37 36 39 38 41 40 57 56 59 58 61 60 63 62 65 64 67 66 69 68 71 70 73 72 75 74 77 76 79 78 81 80 83 82 1 0 3 2 5 4 7 6 9 8 11 10 13 12 85 84 87 86 89 88 91 90 93 92 95 94 97 96 15 14 17 16 19 18 21 20 23 22 25 24 27 26
44 45 50 51 54 55 46 47 48 49 42 43 52 53 30 31 36 37 40 41 32 33 34 35 28 29 38 39 58 59 64 65 68 69 60 61 62 63 56 57 66 67 72 73 78 79 82 83 74 75 76 77 70 71 80 81 2 3 8 9 12 13 4 5 6 7 0 1 10 11 86 87 92 93 96 97 88 89 90 91 84 85 94 95 16 17 22 23 26 27 18 19 20 21 14 15 24 25
45 44 51 50 55 54 47 46 49 48 43 42 53 52 31 30 37 36 41 40 33 32 35 34 29 28 39 38 59 58 65 64 69 68 61 60 63 62 57 56 67 66 73 72 79 78 83 82 75 74 77 76 71 70 81 80 3 2 9 8 13 12 5 4 7 6 1 0 11 10 87 86 93 92 97 96 89 88 91 90 85 84 95 94 17 16 23 22 27 26 19 18 21 20 15 14 25 24
46 47 54 55 44 45 42 43 52 53 48 49 50 51 32 33 40 41 30 31 28 29 38 39 34 35 36 37 60 61 68 69 58 59 56 57 66 67 62 63 64 65 74 75 82 83 72 73 70 71 80 81 76 77 78 79 4 5 12 13 2 3 0 1 10 11 6 7 8 9 88 89 96 97 86 87 84 85 94 95 90 91 92 93 18 19 26 27 16 17 14 15 24 25 20 21 22 23
47 46 55 54 45 44 43 42 53 52 49 48 51 50 33 32 41 40 31 30 29 28 39 38 35 34 37 36 61 60 69 68 59 58 57 56 67 66 63 62 65 64 75 74 83 82 73 72 71 70 81 80 77 76 79 78 5 4 13 12 3 2 1 0 11 10 7 6 9 8 89 88 97 96 87 86 85 84 95 94 91 90 93 92 19 18 27 26 17 16 15 14 25 24 21 20 23 22
48 49 46 47 42 43 52 53 54 55 50 51 44 45 34 35 32 33 28 29 38 39 40 41 36 37 30 31 62 63 60 61 56 57 66 67 68 69 64 65 58 59 76 77 74 75 70 71 80 81 82 83 78 79 72 73 6 7 4 5 0 1 10 11 12 13 8 9 2 3 90 91 88 89 84 85 94 95 96 97 92 93 86 87 20 21 18 19 14 15 24 25 26 27 22 23 16 17
49 48 47 46 43 42 53 52 55 54 51 50 45 44 35 34 33 32 29 28 39 38 41 40 37 36 31 30 63 62 61 60 57 56 67 66 69 68 65 64 59 58 77 76 75 74 71 70 81 80 83 82 79 78 73 72 7 6 5 4 1 0 11 10 13 12 9 8 3 2 91 90 89 88 85 84 95 94 97 96 93 92 87 86 21 20 19 18 15 14 25 24 27 26 23 22 17 16
50 51 48 49 52 53 54 55 46 47 44 45 42 43 36 37 34 35 38 39 40 41 32 33 30 31 28 29 64 65 62 63 66 67 68 69 60 61 58 59 56 57 78 79 76 77 80 81 82 83 74 75 72 73 70 71 8 9 6 7 10 11 12 13 4 5 2 3 0 1 92 93 90 91 94 95 96 97 88 89 86 87 84 85 22 23 20 21 24 25 26 27 18 19 16 17 14 15
51 50 49 48 53 52 55 54 47 46 45 44 43 42 37 36 35 34 39 38 41 40 33 32 31 30 29 28 65 64 63 62 67 66 69 68 61 60 59 58 57 56 79 78 77 76 81 80 83 82 75 74 73 72 71 70 9 8 7 6 11 10 13 12 5 4 3 2 1 0 93 92 91 90 95 94 97 96 89 88 87 86 85 84 23 22 21 20 25 24 27 26 19 18 17 16 15 14
52 53 42 43 48 49 50 51 44 45 54 55 46 47 38 39 28 29 34 35 36 37 30 31 40 41 32 33 66 67 56 57 62 63 64 65 58 59 68 69 60 61 80 81 70 71 76 77 78 79 72 73 82 83 74 75 10 11 0 1 6 7 8 9 2 3 12 13 4 5 94 95 84 85 90 91 92 93 86 87 96 97 88 89 24 25 14 15 20 21 22 23 16 17 26 27 18 19
53 52 43 42 49 48 51 50 45 44 55 54 47 46 39 38 29 28 35 34 37 36 31 30 41 40 33 32 67 66 57 56 63 62 65 64 59 58 69 68 61 60 81 80 71 70 77 76 79 78 73 72 83 82 75 74 11 10 1 0 7 6 9 8 3 2 13 12 5 4 95 94 85 84 91 90 93 92 87 86 97 96 89 88 25 24 15 14 21 20 23 22 17 16 27 26 19 18
54 55 52 53 50 51 44 45 42 43 46 47 48 49 40 41 38 39 36 37 30 31 28 29 32 33 34 35 68 69 66 67 64 65 58 59 56 57 60 61 62 63 82 83 80 81 78 79 72 73 70 71 74 75 76 77 12 13 10 11 8 9 2 3 0 1 4 5 6 7 96 97 94 95 92 93 86 87 84 85 88 89 90 91 26 27 24 25 22 23 16 17 14 15 18 19 20 21
55 54 53 52 51 50 45 44 43 42 47 46 49 48 41 40 39 38 37 36 31 30 29 28 33 32 35 34 69 68 67 66 65 64 59 58 57 56 61 60 63 62 83 82 81 80 79 78 73 72 71 70 75 74 77 76 13 12 11 10 9 8 3 2 1 0 5 4 7 6 97 96 95 94 93 92 87 86 85 84 89 88 91 90 27 26 25 24 23 22 17 16 15 14 19 18 21 20
56 57 58 59 60 61 62 63 64 65 66 67 68 69 84 85 86 87 88 89 90 91 92 93 94 95 96 97 14 15 16 17 18 19 20 21 22 23 24 25 26 27 0 1 2 3 4 5 6 7 8 9 10 11 12 13 28 29 30 31 32 33 34 35 36 37 38 39 40 41 42 43 44 45 46 47 48 49 50 51 52 53 54 55 70 71 72 73 74 75 76 77 78 79 80 81 82 83
57 56 59 58 61 60 63 62 65 64 67 66 69 68 85 84 87 86 89 88 91 90 93 92 95 94 97 96 15 14 17 16 19 18 21 20 23 22 25 24 27 26 1 0 3 2 5 4 7 6 9 8 11 10 13 12 29 28 31 30 33 32 35 34 37 36 39 38 41 40 43 42 45 44 47 46 49 48 51 50 53 52 55 54 71 70 73 72 75 74 77 76 79 78 81 80 83 82
58 59 64 65 68 69 60 61 62 63 56 57 66 67 86 87 92 93 96 97 88 89 90 91 84 85 94 95 16 17 22 23 26 27 18 19 20 21 14 15 24 25 2 3 8 9 12 13 4 5 6 7 0 1 10 11 30 31 36 37 40 41 32 33 34 35 28 29 38 39 44 45 50 51 54 55 46 47 48 49 42 43 52 53 72 73 78 79 82 83 74 75 76 77 70 71 80 81
59 58 65 64 69 68 61 60 63 62 57 56 67 66 87 86 93 92 97 96 89 88 91 90 85 84 95 94 17 16 23 22 27 26 19 18 21 20 15 14 25 24 3 2 9 8 13 12 5 4 7 6 1 0 11 10 31 30 37 36 41 40 33 32 35 34 29 28 39 38 45 44 51 50 55 54 47 46 49 48 43 42 53 52 73 72 79 78 83 82 75 74 77 76 71 70 81 80
60 61 68 69 58 59 56 57 66 67 62 63 64 65 88 89 96 97 86 87 84 85 94 95 90 91 92 93 18 19 26 27 16 17 14 15 24 25 20 21 22 23 4 5 12 13 2 3 0 1 10 11 6 7 8 9 32 33 40 41 30 31 28 29 38 39 34 35 36 37 46 47 54 55 44 45 42 43 52 53 48 49 50 51 74 75 82 83 72 73 70 71 80 81 76 77 78 79
61 60 69 68 59 58 57 56 67 66 63 62 65 64 89 88 97 96 87 86 85 84 95 94 91 90 93 92 19 18 27 26 17 16 15 14 25 24 21 20 23 22 5 4 13 12 3 2 1 0 11 10 7 6 9 8 33 32 41 40 31 30 29 28 39 38 35 34 37 36 47 46 55 54 45 44 43 42 53 52 49 48 51 50 75 74 83 82 73 72 71 70 81 80 77 76 79 78
62 63 60 61 56 57 66 67 68 69 64 65 58 59 90 91 88 89 84 85 94 95 96 97 92 93 86 87 20 21 18 19 14 15 24 25 26 27 22 23 16 17 6 7 4 5 0 1 10 11 12 13 8 9 2 3 34 35 32 33 28 29 38 39 40 41 36 37 30 31 48 49 46 47 42 43 52 53 54 55 50 51 44 45 76 77 74 75 70 71 80 81 82 83 78 79 72 73
63 62 61 60 57 56 67 66 69 68 65 64 59 58 91 90 89 88 85 84 95 94 97 96 93 92 87 86 21 20 19 18 15 14 25 24 27 26 23 22 17 16 7 6 5 4 1 0 11 10 13 12 9 8 3 2 35 34 33 32 29 28 39 38 41 40 37 36 31 30 49 48 47 46 43 42 53 52 55 54 51 50 45 44 77 76 75 74 71 70 81 80 83 82 79 78 73 72
64 65 62 63 66 67 68 69 60 61 58 59 56 57 92 93 90 91 94 95 96 97 88 89 86 87 84 85 22 23 20 21 24 25 26 27 18 19 16 17 14 15 8 9 6 7 10 11 12 13 4 5 2 3 0 1 36 37 34 35 38 39 40 41 32 33 30 31 28 29 50 51 48 49 52 53 54 55 46 47 44 45 42 43 78 79 76 77 80 81 82 83 74 75 72 73 70 71
65 64 63 62 67 66 69 68 61 60 59 58 57 56 93 92 91 90 95 94 97 96 89 88 87 86 85 84 23 22 21 20 25 24 27 26 19 18 17 16 15 14 9 8 7 6 11 10 13 12 5 4 3 2 1 0 37 36 35 34 39 38 41 40 33 32 31 30 29 28 51 50 49 48 53 52 55 54 47 46 45 44 43 42 79 78 77 76 81 80 83 82 75 74 73 72 71 70
66 67 56 57 62 63 64 65 58 59 68 69 60 61 94 95 84 85 90 91 92 93 86 87 96 97 88 89 24 25 14 15 20 21 22 23 16 17 26 27 18 19 10 11 0 1 6 7 8 9 2 3 12 13 4 5 38 39 28 29 34 35 36 37 30 31 40 41 32 33 52 53 42 43 48 49 50 51 44 45 54 55 46 47 80 81 70 71 76 77 78 79 72 73 82 83 74 75
67 66 57 56 63 62 65 64 59 58 69 68 61 60 95 94 85 84 91 90 93 92 87 86 97 96 89 88 25 24 15 14 21 20 23 22 17 16 27 26 19 18 11 10 1 0 7 6 9 8 3 2 13 12 5 4 39 38 29 28 35 34 37 36 31 30 41 40 33 32 53 52 43 42 49 48 51 50 45 44 55 54 47 46 81 80 71 70 77 76 79 78 73 72 83 82 75 74
68 69 66 67 64 65 58 59 56 57 60 61 62 63 96 97 94 95 92 93 86 87 84 85 88 89 90 91 26 27 24 25 22 23 16 17 14 15 18 19 20 21 12 13 10 11 8 9 2 3 0 1 4 5 6 7 40 41 38 39 36 37 30 31 28 29 32 33 34 35 54 55 52 53 50 51 44 45 42 43 46 47 48 49 82 83 80 81 78 79 72 73 70 71 74 75 76 77
69 68 67 66 65 64 59 58 57 56 61 60 63 62 97 96 95 94 93 92 87 86 85 84 89 88 91 90 27 26 25 24 23 22 17 16 15 14 19 18 21 20 13 12 11 10 9 8 3 2 1 0 5 4 7 6 41 40 39 38 37 36 31 30 29 28 33 32 35 34 55 54 53 52 51 50 45 44 43 42 47 46 49 48 83 82 81 80 79 78 73 72 71 70 75 74 77 76
70 71 72 73 74 75 76 77 78 79 80 81 82 83 56 57 58 59 60 61 62 63 64 65 66 67 68 69 0 1 2 3 4 5 6 7 8 9 10 11 12 13 84 85 86 87 88 89 90 91 92 93 94 95 96 97 42 43 44 45 46 47 48 49 50 51 52 53 54 55 14 15 16 17 18 19 20 21 22 23 24 25 26 27 28 29 30 31 32 33 34 35 36 37 38 39 40 41
71 70 73 72 75 74 77 76 79 78 81 80 83 82 57 56 59 58 61 60 63 62 65 64 67 66 69 68 1 0 3 2 5 4 7 6 9 8 11 10 13 12 85 84 87 86 89 88 91 90 93 92 95 94 97 96 43 42 45 44 47 46 49 48 51 50 53 52 55 54 15 14 17 16 19 18 21 20 23 22 25 24 27 26 29 28 31 30 33 32 35 34 37 36 39 38 41 40
72 73 78 79 82 83 74 75 76 77 70 71 80 81 58 59 64 65 68 69 60 61 62 63 56 57 66 67 2 3 8 9 12 13 4 5 6 7 0 1 10 11 86 87 92 93 96 97 88 89 90 91 84 85 94 95 44 45 50 51 54 55 46 47 48 49 42 43 52 53 16 17 22 23 26 27 18 19 20 21 14 15 24 25 30 31 36 37 40 41 32 33 34 35 28 29 38 39
73 72 79 78 83 82 75 74 77 76 71 70 81 80 59 58 65 64 69 68 61 60 63 62 57 56 67 66 3 2 9 8 13 12 5 4 7 6 1 0 11 10 87 86 93 92 97 96 89 88 91 90 85 84 95 94 45 44 51 50 55 54 47 46 49 48 43 42 53 52 17 16 23 22 27 26 19 18 21 20 15 14 25 24 31 30 37 36 41 40 33 32 35 34 29 28 39 38
74 75 82 83 72 73 70 71 80 81 76 77 78 79 60 61 68 69 58 59 56 57 66 67 62 63 64 65 4 5 12 13 2 3 0 1 10 11 6 7 8 9 88 89 96 97 86 87 84 85 94 95 90 91 92 93 46 47 54 55 44 45 42 43 52 53 48 49 50 51 18 19 26 27 16 17 14 15 24 25 20 21 22 23 32 33 40 41 30 31 28 29 38 39 34 35 36 37
75 74 83 82 73 72 71 70 81 80 77 76 79 78 61 60 69 68 59 58 57 56 67 66 63 62 65 64 5 4 13 12 3 2 1 0 11 10 7 6 9 8 89 88 97 96 87 86 85 84 95 94 91 90 93 92 47 46 55 54 45 44 43 42 53 52 49 48 51 50 19 18 27 26 17 16 15 14 25 24 21 20 23 22 33 32 41 40 31 30 29 28 39 38 35 34 37 36
76 77 74 75 70 71 80 81 82 83 78 79 72 73 62 63 60 61 56 57 66 67 68 69 64 65 58 59 6 7 4 5 0 1 10 11 12 13 8 9 2 3 90 91 88 89 84 85 94 95 96 97 92 93 86 87 48 49 46 47 42 43 52 53 54 55 50 51 44 45 20 21 18 19 14 15 24 25 26 27 22 23 16 17 34 35 32 33 28 29 38 39 40 41 36 37 30 31
77 76 75 74 71 70 81 80 83 82 79 78 73 72 63 62 61 60 57 56 67 66 69 68 65 64 59 58 7 6 5 4 1 0 11 10 13 12 9 8 3 2 91 90 89 88 85 84 95 94 97 96 93 92 87 86 49 48 47 46 43 42 53 52 55 54 51 50 45 44 21 20 19 18 15 14 25 24 27 26 23 22 17 16 35 34 33 32 29 28 39 38 41 40 37 36 31 30
78 79 76 77 80 81 82 83 74 75 72 73 70 71 64 65 62 63 66 67 68 69 60 61 58 59 56 57 8 9 6 7 10 11 12 13 4 5 2 3 0 1 92 93 90 91 94 95 96 97 88 89 86 87 84 85 50 51 48 49 52 53 54 55 46 47 44 45 42 43 22 23 20 21 24 25 26 27 18 19 16 17 14 15 36 37 34 35 38 39 40 41 32 33 30 31 28 29
79 78 77 76 81 80 83 82 75 74 73 72 71 70 65 64 63 62 67 66 69 68 61 60 59 58 57 56 9 8 7 6 11 10 13 12 5 4 3 2 1 0 93 92 91 90 95 94 97 96 89 88 87 86 85 84 51 50 49 48 53 52 55 54 47 46 45 44 43 42 23 22 21 20 25 24 27 26 19 18 17 16 15 14 37 36 35 34 39 38 41 40 33 32 31 30 29 28
80 81 70 71 76 77 78 79 72 73 82 83 74 75 66 67 56 57 62 63 64 65 58 59 68 69 60 61 10 11 0 1 6 7 8 9 2 3 12 13 4 5 94 95 84 85 90 91 92 93 86 87 96 97 88 89 52 53 42 43 48 49 50 51 44 45 54 55 46 47 24 25 14 15 20 21 22 23 16 17 26 27 18 19 38 39 28 29 34 35 36 37 30 31 40 41 32 33
81 80 71 70 77 76 79 78 73 72 83 82 75 74 67 66 57 56 63 62 65 64 59 58 69 68 61 60 11 10 1 0 7 6 9 8 3 2 13 12 5 4 95 94 85 84 91 90 93 92 87 86 97 96 89 88 53 52 43 42 49 48 51 50 45 44 55 54 47 46 25 24 15 14 21 20 23 22 17 16 27 26 19 18 39 38 29 28 35 34 37 36 31 30 41 40 33 32
82 83 80 81 78 79 72 73 70 71 74 75 76 77 68 69 66 67 64 65 58 59 56 57 60 61 62 63 12 13 10 11 8 9 2 3 0 1 4 5 6 7 96 97 94 95 92 93 86 87 84 85 88 89 90 91 54 55 52 53 50 51 44 45 42 43 46 47 48 49 26 27 24 25 22 23 16 17 14 15 18 19 20 21 40 41 38 39 36 37 30 31 28 29 32 33 34 35
83 82 81 80 79 78 73 72 71 70 75 74 77 76 69 68 67 66 65 64 59 58 57 56 61 60 63 62 13 12 11 10 9 8 3 2 1 0 5 4 7 6 97 96 95 94 93 92 87 86 85 84 89 88 91 90 55 54 53 52 51 50 45 44 43 42 47 46 49 48 27 26 25 24 23 22 17 16 15 14 19 18 21 20 41 40 39 38 37 36 31 30 29 28 33 32 35 34
84 85 86 87 88 89 90 91 92 93 94 95 96 97 0 1 2 3 4 5 6 7 8 9 10 11 12 13 42 43 44 45 46 47 48 49 50 51 52 53 54 55 14 15 16 17 18 19 20 21 22 23 24 25 26 27 70 71 72 73 74 75 76 77 78 79 80 81 82 83 28 29 30 31 32 33 34 35 36 37 38 39 40 41 56 57 58 59 60 61 62 63 64 65 66 67 68 69
85 84 87 86 89 88 91 90 93 92 95 94 97 96 1 0 3 2 5 4 7 6 9 8 11 10 13 12 43 42 45 44 47 46 49 48 51 50 53 52 55 54 15 14 17 16 19 18 21 20 23 22 25 24 27 26 71 70 73 72 75 74 77 76 79 78 81 80 83 82 29 28 31 30 33 32 35 34 37 36 39 38 41 40 57 56 59 58 61 60 63 62 65 64 67 66 69 68
86 87 92 93 96 97 88 89 90 91 84 85 94 95 2 3 8 9 12 13 4 5 6 7 0 1 10 11 44 45 50 51 54 55 46 47 48 49 42 43 52 53 16 17 22 23 26 27 18 19 20 21 14 15 24 25 72 73 78 79 82 83 74 75 76 77 70 71 80 81 30 31 36 37 40 41 32 33 34 35 28 29 38 39 58 59 64 65 68 69 60 61 62 63 56 57 66 67
87 86 93 92 97 96 89 88 91 90 85 84 95 94 3 2 9 8 13 12 5 4 7 6 1 0 11 10 45 44 51 50 55 54 47 46 49 48 43 42 53 52 17 16 23 22 27 26 19 18 21 20 15 14 25 24 73 72 79 78 83 82 75 74 77 76 71 70 81 80 31 30 37 36 41 40 33 32 35 34 29 28 39 38 59 58 65 64 69 68 61 60 63 62 57 56 67 66
88 89 96 97 86 87 84 85 94 95 90 91 92 93 4 5 12 13 2 3 0 1 10 11 6 7 8 9 46 47 54 55 44 45 42 43 52 53 48 49 50 51 18 19 26 27 16 17 14 15 24 25 20 21 22 23 74 75 82 83 72 73 70 71 80 81 76 77 78 79 32 33 40 41 30 31 28 29 38 39 34 35 36 37 60 61 68 69 58 59 56 57 66 67 62 63 64 65
89 88 97 96 87 86 85 84 95 94 91 90 93 92 5 4 13 12 3 2 1 0 11 10 7 6 9 8 47 46 55 54 45 44 43 42 53 52 49 48 51 50 19 18 27 26 17 16 15 14 25 24 21 20 23 22 75 74 83 82 73 72 71 70 81 80 77 76 79 78 33 32 41 40 31 30 29 28 39 38 35 34 37 36 61 60 69 68 59 58 57 56 67 66 63 62 65 64
90 91 88 89 84 85 94 95 96 97 92 93 86 87 6 7 4 5 0 1 10 11 12 13 8 9 2 3 48 49 46 47 42 43 52 53 54 55 50 51 44 45 20 21 18 19 14 15 24 25 26 27 22 23 16 17 76 77 74 75 70 71 80 81 82 83 78 79 72 73 34 35 32 33 28 29 38 39 40 41 36 37 30 31 62 63 60 61 56 57 66 67 68 69 64 65 58 59
91 90 89 88 85 84 95 94 97 96 93 92 87 86 7 6 5 4 1 0 11 10 13 12 9 8 3 2 49 48 47 46 43 42 53 52 55 54 51 50 45 44 21 20 19 18 15 14 25 24 27 26 23 22 17 16 77 76 75 74 71 70 81 80 83 82 79 78 73 72 35 34 33 32 29 28 39 38 41 40 37 36 31 30 63 62 61 60 57 56 67 66 69 68 65 64 59 58
92 93 90 91 94 95 96 97 88 89 86 87 84 85 8 9 6 7 10 11 12 13 4 5 2 3 0 1 50 51 48 49 52 53 54 55 46 47 44 45 42 43 22 23 20 21 24 25 26 27 18 19 16 17 14 15 78 79 76 77 80 81 82 83 74 75 72 73 70 71 36 37 34 35 38 39 40 41 32 33 30 31 28 29 64 65 62 63 66 67 68 69 60 61 58 59 56 57
93 92 91 90 95 94 97 96 89 88 87 86 85 84 9 8 7 6 11 10 13 12 5 4 3 2 1 0 51 50 49 48 53 52 55 54 47 46 45 44 43 42 23 22 21 20 25 24 27 26 19 18 17 16 15 14 79 78 77 76 81 80 83 82 75 74 73 72 71 70 37 36 35 34 39 38 41 40 33 32 31 30 29 28 65 64 63 62 67 66 69 68 61 60 59 58 57 56
94 95 84 85 90 91 92 93 86 87 96 97 88 89 10 11 0 1 6 7 8 9 2 3 12 13 4 5 52 53 42 43 48 49 50 51 44 45 54 55 46 47 24 25 14 15 20 21 22 23 16 17 26 27 18 19 80 81 70 71 76 77 78 79 72 73 82 83 74 75 38 39 28 29 34 35 36 37 30 31 40 41 32 33 66 67 56 57 62 63 64 65 58 59 68 69 60 61
95 94 85 84 91 90 93 92 87 86 97 96 89 88 11 10 1 0 7 6 9 8 3 2 13 12 5 4 53 52 43 42 49 48 51 50 45 44 55 54 47 46 25 24 15 14 21 20 23 22 17 16 27 26 19 18 81 80 71 70 77 76 79 78 73 72 83 82 75 74 39 38 29 28 35 34 37 36 31 30 41 40 33 32 67 66 57 56 63 62 65 64 59 58 69 68 61 60
96 97 94 95 92 93 86 87 84 85 88 89 90 91 12 13 10 11 8 9 2 3 0 1 4 5 6 7 54 55 52 53 50 51 44 45 42 43 46 47 48 49 26 27 24 25 22 23 16 17 14 15 18 19 20 21 82 83 80 81 78 79 72 73 70 71 74 75 76 77 40 41 38 39 36 37 30 31 28 29 32 33 34 35 68 69 66 67 64 65 58 59 56 57 60 61 62 63
97 96 95 94 93 92 87 86 85 84 89 88 91 90 13 12 11 10 9 8 3 2 1 0 5 4 7 6 55 54 53 52 51 50 45 44 43 42 47 46 49 48 27 26 25 24 23 22 17 16 15 14 19 18 21 20 83 82 81 80 79 78 73 72 71 70 75 74 77 76 41 40 39 38 37 36 31 30 29 28 33 32 35 34 69 68 67 66 65 64 59 58 57 56 61 60 63 62
2996
940 1 28
1286 1 70
2793 940 75
879 940 47
501 1286 91
1672 1286 38
1301 2793 50
1226 2793 61
1544 879 89
43 879 27
2566 501 29
1936 501 48
2110 1672 59
371 1672 74
267 1301 52
156 1301 91
2738 1226 0
1165 1226 0
282 1544 17
467 1544 61
1067 43 31
1938 43 71
2737 2566 94
1217 2566 14
2523 1936 86
1507 1936 11
1006 2110 91
2564 2110 37
2229 371 26
2003 371 25
1417 267 46
1153 267 97
1866 156 80
375 156 31
1755 2738 93
1802 2738 75
2463 1165 77
993 1165 49
1010 282 10
446 282 17
1988 467 64
411 467 74
1394 1067 22
809 1067 27
2804 1938 43
1091 1938 15
862 2737 40
841 2737 19
44 1217 46
1679 1217 81
2412 2523 41
2877 2523 48
2173 1507 47
1768 1507 11
1055 1006 85
1947 1006 49
32 2564 17
2016 2564 70
1722 2229 85
1089 2229 68
2748 2003 44
1325 2003 82
691 1417 45
524 1417 82
1589 1153 14
2796 1153 61
430 1866 1
1724 1866 23
1213 375 34
205 375 90
56 1755 31
112 1755 49
540 1802 69
914 1802 45
1922 2463 74
1276 2463 49
1220 993 29
2580 993 40
1412 1010 7
2037 1010 34
1675 446 37
2070 446 79
1474 1988 97
1262 1988 95
2872 411 82
1767 411 21
2055 1394 78
2458 1394 50
335 809 14
2464 809 41
1044 2804 70
1772 2804 37
2189 1091 86
255 1091 88
1541 862 82
478 862 95
1360 841 74
1000 841 80
148 44 44
1123 44 24
1701 1679 14
1247 1679 57
2091 2412 75
670 2412 53
2060 2877 29
1648 2877 15
1108 2173 69
2367 2173 91
1593 1768 89
1598 1768 31
2773 1055 87
1393 1055 90
727 1947 58
428 1947 1
465 32 92
603 32 71
1133 2016 53
1585 2016 37
2106 1722 95
266 1722 18
1068 1089 48
2742 1089 12
557 2748 90
2785 2748 93
2361 1325 85
1229 1325 17
1981 691 51
1587 691 51
511 524 72
1546 524 78
1630 1589 38
607 1589 10
737 2796 33
2345 2796 76
1514 430 4
1730 430 1
1683 1724 55
447 1724 2
320 1213 57
1478 1213 4
2379 205 64
211 205 61
2257 56 4
233 56 36
829 112 90
2395 112 0
1564 540 84
2194 540 89
2616 914 69
1101 914 20
39 1922 66
768 1922 32
1002 1276 63
745 1276 91
1510 1220 50
2208 1220 42
679 2580 2
2477 2580 53
2351 1412 40
128 1412 64
2981 2037 95
1799 2037 93
1152 1675 47
614 1675 73
2987 2070 12
1253 2070 52
1717 1474 22
483 1474 92
2567 1262 74
1031 1262 5
1635 2872 2
2320 2872 36
680 1767 44
98 1767 19
2539 2055 26
1208 2055 26
2160 2458 90
2728 2458 54
1008 335 27
481 335 41
564 2464 81
996 2464 62
772 1044 64
1827 1044 42
1916 1772 18
2779 1772 91
2259 2189 91
735 2189 52
1488 255 79
626 255 47
821 1541 7
1001 1541 18
669 478 63
819 478 58
2078 1360 5
1174 1360 79
922 1000 43
200 1000 8
318 148 21
1795 148 65
1999 1123 58
1686 1123 66
1805 1701 93
1250 1701 62
301 1247 51
1372 1247 35
2480 2091 40
303 2091 79
1183 670 91
2622 670 91
989 2060 47
187 2060 37
1196 1648 78
1956 1648 41
2298 1108 36
971 1108 53
1155 2367 54
2121 2367 68
2486 1593 17
2479 1593 35
1690 1598 19
1543 1598 85
1731 2773 21
139 2773 8
119 1393 45
523 1393 17
1014 727 82
2271 727 26
2249 428 51
2105 428 86
381 465 2
14 465 67
1670 603 14
1549 603 9
816 1133 82
404 1133 23
1911 1585 76
1466 1585 37
2133 2106 62
785 2106 56
600 266 28
1158 266 25
1263 1068 86
2896 1068 76
413 2742 9
67 2742 60
1021 557 2
2404 557 40
1118 2785 76
1052 2785 97
1447 2361 5
1576 2361 71
158 1229 92
756 1229 90
2355 1981 30
345 1981 37
468 1587 86
1333 1587 6
905 511 76
2722 511 96
520 1546 83
1164 1546 72
2719 1630 25
61 1630 18
1948 607 54
193 607 39
490 737 2
740 737 61
1904 2345 32
206 2345 53
2423 1514 33
1905 1514 73
2902 1730 94
2270 1730 57
1171 1683 78
500 1683 45
1212 447 93
2294 447 33
2529 320 41
1754 320 68
525 1478 49
512 1478 44
2657 2379 11
350 2379 14
1132 211 6
2542 211 46
1985 2257 29
1038 2257 44
863 233 61
2552 233 44
1395 829 49
935 829 56
852 2395 82
422 2395 6
1411 1564 65
204 1564 0
2559 2194 78
2973 2194 86
1454 2616 67
597 2616 23
983 1101 13
221 1101 46
997 39 60
403 39 81
1066 768 29
46 768 17
1519 1002 49
1282 1002 65
620 745 66
2147 745 55
1168 1510 5
1104 1510 5
2678 2208 89
628 2208 59
480 679 75
518 679 19
1206 2477 24
2965 2477 55
2453 2351 28
1503 2351 25
714 128 25
76 128 54
1659 2981 52
433 2981 79
2318 1799 33
2569 1799 93
2422 1152 43
1941 1152 96
724 614 83
2397 614 66
1343 2987 30
2385 2987 84
2414 1253 85
2148 1253 75
2052 1717 15
1742 1717 82
360 483 94
2428 483 27
85 2567 10
2475 2567 58
2280 1031 23
2614 1031 70
2730 1635 40
2225 1635 21
268 2320 21
2866 2320 23
306 680 3
961 680 7
1255 98 9
149 98 2
466 2539 40
818 2539 50
1980 1208 21
995 1208 62
1989 2160 6
575 2160 32
1757 2728 29
942 2728 49
734 1008 73
1561 1008 53
2976 481 32
1660 481 86
236 564 7
2095 564 66
2971 996 19
2978 996 70
1322 772 10
2008 772 59
383 1827 82
2606 1827 60
97 1916 21
2333 1916 52
290 2779 26
908 2779 78
1787 2259 14
1569 2259 95
2624 735 89
232 735 52
2046 1488 9
847 1488 9
1517 626 36
1410 626 77
778 821 19
2484 821 93
2882 1001 36
1584 1001 78
2094 669 43
999 669 9
29 819 51
630 819 8
1573 2078 23
2732 2078 16
2033 1174 50
533 1174 2
610 922 43
1022 922 12
1865 200 45
399 200 17
904 318 47
1455 318 39
716 1795 88
2240 1795 4
1554 1999 46
901 1999 11
496 1686 19
787 1686 38
807 1805 21
154 1805 10
1127 1250 2
2401 1250 58
2578 301 33
530 301 31
2739 1372 86
1752 1372 50
2394 2480 96
656 2480 12
1413 303 8
2685 303 73
924 1183 24
2501 1183 63
1198 2622 57
1872 2622 49
1279 989 17
2341 989 0
2823 187 30
171 187 42
2024 1196 72
869 1196 26
1779 1956 62
1303 1956 2
784 2298 34
1100 2298 68
763 971 67
376 971 44
1840 1155 66
1937 1155 60
2849 2121 53
1327 2121 34
1045 2486 45
637 2486 1
377 2479 40
886 2479 40
1599 1690 19
1369 1690 82
1182 1543 9
1424 1543 89
1923 1731 77
114 1731 35
17 139 68
1357 139 57
1769 119 71
1529 119 74
1304 523 34
2798 523 40
2084 1014 79
1323 1014 17
866 2271 12
2760 2271 79
1097 2249 23
598 2249 35
767 2105 39
715 2105 28
977 381 73
504 381 1
599 14 94
543 14 16
750 1670 71
1445 1670 97
1367 1549 43
110 1549 90
890 816 38
1185 816 84
1807 404 22
1265 404 76
1294 1911 46
1647 1911 4
316 1466 93
521 1466 9
1559 2133 11
930 2133 26
1538 785 16
609 785 70
2648 600 46
2349 600 69
1785 1158 67
981 1158 24
1889 1263 44
513 1263 45
506 2896 16
1099 2896 2
584 413 84
1551 413 94
719 67 9
1857 67 50
2720 1021 20
2693 1021 75
278 2404 84
1176 2404 92
326 1118 53
1615 1118 62
1060 1052 31
2782 1052 15
1655 1447 87
1791 1447 63
1933 1576 21
2828 1576 12
2895 158 48
616 158 60
2162 756 73
766 756 39
1839 2355 64
2204 2355 15
1370 345 20
1800 345 2
1649 468 45
87 468 79
1696 1333 97
1596 1333 25
843 905 10
2211 905 51
2218 2722 32
2000 2722 7
855 520 20
135 520 61
2253 1164 15
803 1164 7
2550 2719 2
1050 2719 8
624 61 69
1979 61 3
1441 1948 82
1786 1948 27
825 193 38
346 193 82
1828 490 16
2301 490 8
2583 740 19
464 740 69
717 1904 4
2525 1904 21
2597 206 13
1726 206 67
1009 2423 31
1975 2423 42
1734 1905 39
2777 1905 10
2600 2902 71
253 2902 6
1137 2270 57
2835 2270 57
183 1171 39
212 1171 14
1567 500 43
2231 500 4
2544 1212 57
804 1212 25
2803 2294 26
2795 2294 44
390 2529 49
580 2529 13
1809 1754 24
1746 1754 83
2645 525 33
1591 525 37
2261 512 78
1851 512 81
1671 2657 70
432 2657 93
1023 350 72
1266 350 61
1628 1132 51
2508 1132 41
761 2542 54
2180 2542 59
967 1985 16
666 1985 50
1468 1038 14
173 1038 45
2042 863 38
1845 863 63
2632 2552 58
861 2552 13
1181 1395 27
368 1395 42
82 935 9
2481 935 60
1996 852 51
764 852 84
1087 422 29
561 422 80
1899 1411 23
130 1411 63
1209 204 23
2633 204 59
2313 2559 82
175 2559 52
182 2973 10
106 2973 74
956 1454 8
2076 1454 72
718 597 77
1749 597 61
1047 983 51
1939 983 5
617 221 61
60 221 97
1316 997 54
235 997 18
245 403 45
1841 403 97
840 1066 79
802 1066 70
2236 46 1
1921 46 7
1856 1519 0
1115 1519 22
747 1282 72
1093 1282 13
1728 620 68
398 620 75
2088 2147 10
773 2147 28
1146 1168 68
928 1168 46
800 1104 85
2117 1104 5
2362 2678 22
142 2678 90
1458 628 72
1744 628 97
1719 480 56
738 480 57
678 518 16
604 518 1
1203 1206 60
1465 1206 67
1583 2965 9
2246 2965 56
1871 2453 64
823 2453 7
1012 1503 16
9 1503 32
789 714 50
932 714 80
529 76 75
2474 76 94
2467 1659 60
790 1659 81
1339 433 58
2018 433 79
461 2318 78
1058 2318 59
95 2569 6
195 2569 71
418 2422 66
1201 2422 32
1269 1941 16
1485 1941 11
1059 724 5
828 724 95
252 2397 27
1481 2397 50
2764 1343 26
873 1343 70
2179 2385 82
2234 2385 89
2276 2414 45
1346 2414 94
1175 2148 73
1287 2148 61
751 2052 59
786 2052 41
2548 1742 66
1013 1742 82
1588 360 32
349 360 96
2200 2428 63
2695 2428 40
83 85 19
421 85 35
502 2475 34
2853 2475 72
199 2280 42
2212 2280 38
1061 2614 0
1462 2614 44
975 2730 15
196 2730 50
1804 2225 75
1312 2225 8
104 268 24
2700 268 86
1005 2866 8
1813 2866 8
1764 306 25
791 306 23
1296 961 54
2591 961 22
1858 1255 51
2637 1255 67
325 149 17
2939 149 33
539 466 20
1242 466 56
192 818 69
1043 818 68
438 1980 75
2771 1980 88
1074 995 25
2081 995 79
2051 1989 89
1526 1989 62
1456 575 32
1407 575 31
1007 1757 75
2053 1757 35
538 942 45
1900 942 93
151 734 7
1293 734 65
2164 1561 25
2961 1561 88
2794 2976 90
2028 2976 26
210 1660 77
1459 1660 64
7 236 82
2940 236 49
528 2095 83
2820 2095 90
1443 2971 36
4 2971 46
248 2978 76
1358 2978 3
239 1322 87
2400 1322 63
338 2008 60
1048 2008 92
2217 383 95
482 383 95
2207 2606 68
2701 2606 74
1942 97 84
288 97 5
2296 2333 15
2322 2333 64
486 290 83
1448 290 79
974 908 92
1148 908 14
2619 1787 27
1753 1787 90
871 1569 20
725 1569 97
1702 2624 43
180 2624 51
2410 232 33
2980 232 76
2159 2046 89
2650 2046 63
2611 847 46
2856 847 96
2612 1517 35
774 1517 28
1207 1410 14
545 1410 92
2452 778 37
2226 778 85
834 2484 6
968 2484 60
794 2882 5
976 2882 40
126 1584 31
2245 1584 63
297 2094 6
2190 2094 97
1557 999 83
1195 999 25
1489 29 69
2912 29 64
1275 630 80
1951 630 83
401 1573 67
2709 1573 19
25 2732 1
1537 2732 16
2661 2033 87
2500 2033 48
1817 533 50
881 533 96
2326 610 97
2093 610 24
868 1022 88
1991 1022 88
1808 1865 4
1837 1865 76
2473 399 24
796 399 45
1435 904 54
2653 904 65
18 1455 46
2009 1455 77
1930 716 46
608 716 15
833 2240 81
38 2240 64
2943 1554 4
102 1554 3
688 901 81
1505 901 9
2590 496 31
498 496 95
1349 787 70
850 787 93
1069 807 68
121 807 90
2324 154 90
849 154 5
2219 1127 57
419 1127 42
2424 2401 81
2132 2401 10
1492 2578 14
2783 2578 92
1565 530 56
2114 530 44
542 2739 87
655 2739 90
1907 1752 52
1197 1752 57
444 2394 78
939 2394 65
1161 656 79
897 656 64
2898 1413 60
667 1413 15
2255 2685 13
89 2685 26
2221 924 52
1765 924 82
2316 2501 76
384 2501 59
1025 1198 85
2126 1198 21
2266 1872 96
550 1872 59
1658 1279 95
279 1279 37
2154 2341 58
1520 2341 56
1072 2823 29
1401 2823 63
2305 171 90
1035 171 21
2416 2024 94
2664 2024 63
872 869 75
927 869 49
2338 1779 42
2 1779 71
113 1303 83
374 1303 63
2185 784 27
1034 784 10
2300 1100 6
1506 1100 19
900 763 48
2472 763 97
1611 376 60
2035 376 3
1122 1840 36
164 1840 28
1078 1937 47
81 1937 57
2278 2849 45
1713 2849 46
1094 1327 73
987 1327 61
2815 1045 4
2100 1045 89
1260 637 33
295 637 94
361 377 18
2082 377 30
65 886 52
2740 886 40
2228 1599 39
708 1599 92
2029 1369 5
1978 1369 85
2890 1182 55
2718 1182 29
2571 1424 10
1039 1424 41
2677 1923 3
906 1923 67
389 114 8
1173 114 74
1852 17 8
317 17 69
243 1357 41
1160 1357 41
1606 1769 74
891 1769 21
1531 1529 75
2910 1529 1
2660 1304 73
2449 1304 17
2014 2798 7
1451 2798 27
1295 2084 13
2448 2084 60
2528 1323 16
291 1323 56
1897 866 52
147 866 3
427 2760 20
1619 2760 79
848 1097 43
574 1097 16
1273 598 23
1663 598 70
555 767 76
1281 767 31
260 715 89
1117 715 33
2492 977 86
1580 977 10
36 504 53
1033 504 43
2371 599 82
806 599 19
2824 543 50
2541 543 11
1927 750 74
2786 750 86
1240 1445 43
1547 1445 96
2172 1367 85
2716 1367 96
2022 110 71
179 110 51
120 890 44
1073 890 46
2663 1185 64
594 1185 26
1618 1807 8
1307 1807 53
1083 1265 43
2346 1265 96
2932 1294 34
359 1294 20
1490 1647 38
167 1647 59
661 316 71
516 316 84
2682 521 43
820 521 58
1065 1559 54
2438 1559 44
1378 930 22
1143 930 82
357 1538 52
1915 1538 92
1272 609 32
1381 609 7
1641 2648 79
1103 2648 22
1221 2349 32
2833 2349 40
1493 1785 74
1548 1785 48
63 981 63
749 981 40
1267 1889 29
1861 1889 79
1421 513 11
1238 513 12
1342 506 56
201 506 71
189 1099 54
593 1099 7
229 584 28
2603 584 2
343 1551 1
1516 1551 2
1150 719 19
622 719 80
2800 1857 12
2286 1857 14
22 2720 75
1820 2720 77
1653 2693 83
2502 2693 59
2103 278 46
1718 278 31
625 2239 92
2239 1431 4
1431 1298 20
1298 64 45
64 950 56
950 851 39
851 2968 42
2968 2711 22
2711 1331 62
1331 2066 90
2066 1106 1
1106 386 10
386 2862 4
2862 2780 20
2780 380 68
380 568 45
568 1913 64
1913 2417 97
2417 1404 80
1404 2836 0
2836 2137 67
2137 2951 97
2951 1319 50
1319 2565 72
2565 1692 11
1692 654 49
654 242 35
242 660 73
660 1633 46
1633 451 36
451 601 84
601 2495 53
2495 755 33
755 2934 88
2934 701 83
701 366 0
366 1028 4
1028 1112 54
1112 762 76
762 42 64
42 314 37
314 2350 63
2350 960 68
960 1042 25
1042 2829 15
2829 2860 18
2860 808 37
808 2364 60
2364 1568 12
1568 1571 24
1571 1166 16
1166 1934 32
1934 2446 13
2446 1363 95
1363 645 3
645 2788 94
2788 2087 12
2087 2291 94
2291 817 21
817 1082 27
1082 2503 24
2503 1306 9
1306 224 18
224 916 33
916 2950 2
2950 2766 41
2766 2577 17
2577 116 68
116 2811 58
2811 2696 39
2696 1027 17
1027 2380 49
2380 1366 48
1366 565 18
565 1427 16
1427 615 34
615 1602 81
1602 208 68
208 867 53
867 2825 97
2825 2513 26
2513 1290 50
1290 1705 63
1705 965 58
965 1216 18
1216 710 50
710 2025 51
2025 276 59
276 2260 60
2260 2563 81
2563 2061 29
2061 824 17
824 1178 82
1178 1590 18
1590 1234 26
1234 1727 87
1727 2631 4
2631 2328 52
2328 91 20
91 2854 97
2854 1354 60
1354 1460 76
1460 2516 69
2516 933 21
933 2791 38
2791 26 64
26 876 85
876 2731 47
2731 264 84
264 1953 26
1953 629 59
629 893 96
893 1337 33
1337 2248 18
2248 1699 36
1699 2222 94
2222 2581 88
2581 1868 67
1868 2433 20
2433 1944 4
1944 1761 18
1761 1973 41
1973 347 55
347 2273 1
2273 783 26
783 2844 11
2844 1894 26
1894 2692 65
2692 1268 10
1268 1163 77
1163 2553 38
2553 1518 74
1518 1139 69
1139 2408 74
2408 1368 56
1368 277 75
277 696 19
696 1356 37
1356 1680 43
1680 2863 15
2863 334 53
334 2142 94
2142 2124 93
2124 1252 39
1252 1131 0
1131 2418 53
2418 1610 83
1610 2535 56
2535 397 50
397 1990 90
1990 2551 44
2551 1141 36
1141 141 33
141 1186 4
1186 333 45
333 1463 59
1463 2876 88
2876 2867 58
2867 385 35
385 1926 46
1926 1512 69
1512 1600 61
1600 2442 5
2442 759 22
759 1698 16
1698 883 3
883 2697 88
2697 544 60
544 2373 56
2373 13 87
13 1629 4
1629 1798 21
1798 880 63
880 884 92
884 214 46
214 951 83
951 590 52
590 1231 5
1231 2021 88
2021 2494 8
2494 2130 16
2130 1740 93
1740 831 94
831 166 89
166 2123 82
2123 2834 24
2834 1205 53
1205 2299 56
2299 1874 91
1874 1556 79
1556 2096 33
2096 2187 45
2187 308 36
308 108 22
108 456 87
456 1919 35
1919 181 57
181 799 14
799 2889 43
2889 2487 30
2487 1396 51
1396 475 65
475 1426 0
1426 1422 54
1422 1849 17
1849 2769 36
2769 1330 82
1330 330 51
330 471 30
471 129 62
129 889 24
889 1313 68
1313 1644 16
1644 1177 23
1177 2644 51
2644 2384 79
2384 2868 19
2868 2031 10
2031 1847 3
1847 2979 21
2979 470 19
470 2205 71
2205 2908 22
2908 1080 24
1080 437 41
437 2984 82
2984 2146 80
2146 682 36
682 415 64
415 1884 39
1884 309 92
309 1355 34
1355 925 29
925 2440 33
2440 2527 51
2527 2819 24
2819 2295 44
2295 1336 59
1336 72 53
72 899 86
899 1190 43
1190 153 70
153 237 40
237 168 91
168 2454 83
2454 1636 32
1636 2967 31
2967 1892 82
1892 1291 77
1291 1703 8
1703 693 43
693 1377 0
1377 241 59
241 846 77
846 1224 54
1224 146 20
146 2389 77
2389 1833 10
1833 1977 23
1977 611 90
611 2274 48
2274 2390 56
2390 247 51
247 2936 91
2936 587 69
587 591 9
591 1639 37
1639 2402 7
2402 2343 55
2343 322 58
322 532 77
532 1877 29
1877 2264 70
2264 84 69
84 929 96
929 387 54
387 2080 88
2080 209 81
209 1471 15
1471 101 60
101 1235 54
1235 2843 86
2843 2429 76
2429 573 11
573 1945 72
1945 2129 36
2129 1353 23
1353 1399 24
1399 1666 31
1666 1310 48
1310 2699 94
2699 396 15
396 2808 55
2808 296 14
296 75 60
75 1848 1
1848 90 13
90 2842 7
2842 1187 63
1187 1770 0
1770 2531 19
2531 2758 51
2758 1969 34
1969 685 72
685 813 79
813 1540 95
1540 2243 15
2243 1888 84
1888 651 37
651 2557 58
2557 552 61
552 1345 11
1345 2821 13
2821 1129 51
1129 2822 42
2822 748 30
748 2989 81
2989 2570 0
2570 1796 30
1796 1063 92
1063 1202 66
1202 271 38
271 2887 80
2887 954 61
954 515 56
515 1015 15
1015 2359 44
2359 337 51
337 585 11
585 2436 74
2436 2689 3
2689 448 72
448 238 92
238 47 72
47 2128 59
2128 726 33
726 1032 1
1032 1533 72
1533 123 13
123 2958 91
2958 1819 44
1819 313 11
313 1151 19
1151 1965 30
1965 1613 24
1613 2184 6
2184 30 55
30 2832 8
2832 953 41
953 2687 21
2687 1710 30
1710 3 3
3 2369 11
2369 1136 75
1136 1102 76
1102 2420 53
2420 231 28
231 1994 25
1994 2604 31
2604 2068 30
2068 1803 68
1803 2214 91
2214 1997 2
1997 463 35
463 1603 81
1603 388 6
388 1328 35
1328 2736 77
2736 1147 12
1147 641 52
641 633 8
633 1124 89
1124 1350 76
1350 400 19
400 2167 71
2167 1090 44
1090 2982 76
2982 230 26
230 2962 67
2962 2703 13
2703 2074 13
2074 2778 62
2778 2840 97
2840 2119 27
2119 2198 28
2198 1669 46
1669 1612 70
1612 1940 14
1940 1408 94
1408 1442 87
1442 664 95
664 410 46
410 586 36
586 2996 62
2996 508 21
508 2986 32
2986 2602 13
2602 1715 41
1715 780 44
780 1801 13
1801 681 0
681 2490 25
2490 170 74
170 1388 37
1388 1646 43
1646 1228 8
1228 1530 23
1530 2710 80
2710 494 42
494 2431 97
2431 2627 40
2627 417 33
417 33 30
33 2247 79
2247 2360 54
2360 1334 61
1334 2011 94
2011 117 86
117 1650 8
1650 16 17
16 2679 17
2679 2425 48
2425 219 70
219 1829 24
1829 497 58
497 1657 59
1657 2443 30
2443 1814 58
1814 2413 93
2413 2919 75
2919 329 87
329 27 91
27 2315 70
2315 1676 45
1676 668 7
668 2437 92
2437 1843 52
1843 1347 4
1347 2707 91
2707 1684 44
1684 963 28
963 96 91
96 1574 94
1574 842 55
842 2714 28
2714 2365 12
2365 1528 15
1528 677 2
677 1891 79
1891 694 1
694 1430 34
1430 675 10
675 165 42
165 1652 83
1652 352 83
352 644 78
644 2337 73
2337 1723 84
1723 2789 75
2789 1297 6
1297 1406 64
1406 559 66
559 203 96
203 674 22
674 2594 59
2594 665 59
665 21 45
21 431 36
431 1562 36
1562 1738 48
1738 2767 81
2767 469 55
469 59 48
59 240 76
240 2690 1
2690 1376 74
1376 1575 30
1575 328 6
328 888 72
888 1280 34
1280 2058 40
2058 657 67
657 1836 70
1836 546 39
546 2186 80
2186 1995 2
1995 1622 80
1622 1461 89
1461 578 58
578 1258 64
1258 2595 13
2595 652 66
652 1883 11
1883 2599 7
2599 1732 39
1732 2387 71
2387 1729 25
1729 406 54
2356 1572 44
1572 1862 22
1862 2654 8
2654 2344 2
2344 728 24
728 979 85
979 2810 75
2810 1249 20
1249 2230 71
2230 2506 44
2506 289 8
289 1594 83
1594 2618 13
2618 1329 12
1329 2667 65
2667 2768 4
2768 1278 11
1278 931 68
931 2930 97
2930 2830 95
2830 2050 3
2050 2209 16
2209 1532 22
1532 1402 19
1402 2994 10
2994 315 48
315 707 9
707 395 71
395 2335 46
2335 15 26
15 169 30
169 874 84
874 2233 53
2233 363 53
363 720 71
720 536 80
536 2706 52
2706 1873 53
1873 58 93
58 73 62
73 2629 5
2629 2813 62
2813 1157 74
1157 1332 26
1332 1300 50
1300 1261 23
1261 2323 27
2323 2478 44
2478 1822 77
1822 327 69
327 2382 64
2382 1881 8
1881 2809 93
2809 216 21
216 2223 48
2223 2396 3
2396 495 39
495 2370 29
2370 458 21
458 937 48
937 505 91
505 1385 78
1385 2639 65
2639 2857 65
2857 1194 84
1194 2220 22
2220 1053 66
1053 1674 81
1674 949 78
949 2601 18
2601 263 1
263 1120 28
1120 549 75
549 190 94
190 1890 49
1890 1777 39
1777 978 11
978 1665 19
1665 51 15
51 2139 69
2139 1364 73
1364 1527 86
1527 1189 18
1189 1107 73
1107 2136 10
2136 1811 33
1811 2554 17
2554 589 57
589 815 26
815 1299 58
1299 1581 11
1581 1762 82
1762 793 61
793 1076 44
1076 1054 80
1054 2434 16
2434 2073 90
2073 457 67
457 613 82
613 1747 80
1747 2963 9
2963 1340 92
1340 2734 4
2734 2063 70
2063 1169 28
1169 2329 65
2329 2646 70
2646 2004 56
2004 1609 56
1609 2227 80
2227 1026 46
1026 2585 25
2585 1335 47
1335 2723 61
2723 2308 36
2308 860 49
860 1643 0
1643 2869 68
2869 2617 72
2617 2334 84
2334 115 42
115 2949 96
2949 2090 28
2090 246 15
246 1853 58
1853 731 6
731 2790 4
2790 2111 49
2111 445 64
445 2098 46
2098 1998 58
1998 283 29
283 1895 62
1895 2726 74
2726 1494 3
1494 1721 0
1721 429 41
429 321 88
321 2152 1
2152 547 24
547 382 36
382 202 66
202 1972 33
1972 2899 16
2899 2363 86
2363 256 70
256 2607 21
2607 1778 30
1778 2671 57
2671 1704 9
1704 2158 57
2158 287 62
287 2638 41
2638 2596 73
2596 1371 32
1371 2865 18
2865 2374 27
2374 234 19
234 1254 15
1254 379 42
379 2072 8
2072 2521 90
2521 1420 26
1420 2254 6
2254 342 52
342 2572 40
2572 2923 21
2923 2108 53
2108 1823 56
1823 70 55
70 2666 30
2666 1774 37
1774 2017 41
2017 2784 44
2784 1193 2
1193 1109 74
1109 1259 26
1259 812 81
812 998 72
998 588 96
588 1970 29
1970 1651 7
1651 1018 59
1018 875 73
875 1582 61
1582 964 80
964 958 55
958 2302 22
2302 2946 85
2946 1623 76
1623 2841 77
2841 1859 44
1859 648 94
648 270 22
270 2383 15
2383 1986 39
1986 2538 53
2538 2507 59
2507 1386 73
1386 943 69
943 2636 9
2636 1758 17
1758 2839 54
2839 132 54
132 1708 74
1708 1810 60
1810 86 8
86 1789 22
1789 262 8
262 2312 6
2312 1534 2
1534 19 93
19 579 19
579 1098 18
1098 671 96
671 1289 8
1289 703 24
703 1233 91
1233 2885 94
2885 894 58
894 1982 32
1982 2556 67
2556 2471 97
2471 2399 59
2399 2393 43
2393 551 61
551 1902 51
1902 2181 82
2181 1917 9
1917 1232 28
1232 2097 88
2097 1959 64
1959 2030 25
2030 2694 69
2694 640 55
640 959 31
959 1885 82
1885 477 8
477 936 43
936 2062 19
2062 878 26
878 2881 95
2881 1818 94
1818 172 26
172 2027 0
2027 2807 75
2807 957 32
957 2019 77
2019 2427 75
2427 144 82
144 452 90
452 2713 43
2713 2057 50
2057 2511 22
2511 1935 20
1935 1691 77
1691 810 88
810 2354 59
2354 1870 80
1870 1695 86
1695 1662 38
1662 2524 13
2524 1898 75
1898 305 29
305 2376 5
2376 562 66
562 1558 36
1558 454 62
454 2325 12
2325 1832 23
1832 1508 12
1508 1545 22
1545 798 13
798 970 74
970 1513 14
1513 2034 27
2034 1932 96
1932 2163 1
2163 534 11
534 2534 48
2534 2071 88
2071 274 25
274 1077 77
1077 941 10
941 2292 5
2292 348 20
348 23 48
23 1453 79
1453 93 81
93 162 23
162 2993 50
2993 11 50
11 88 31
88 2235 81
2235 2975 10
2975 1784 83
1784 441 29
441 2317 44
2317 1621 76
1621 1223 94
1223 838 1
838 2504 36
2504 754 11
754 1656 79
1656 647 13
647 2712 10
2712 2036 81
2036 1792 46
1792 576 26
576 1614 68
1614 2171 85
2171 2251 49
2251 556 32
556 2044 55
2044 1361 34
1361 41 84
41 1379 83
1379 2001 66
2001 2708 5
2708 2691 55
2691 2089 7
2089 2520 11
2520 1570 13
1570 2125 20
2125 2608 82
2608 2269 47
2269 2848 70
2848 582 66
582 1210 78
1210 2628 97
2628 1239 96
1239 2377 51
2377 919 17
919 1432 35
1432 2327 37
2327 567 79
567 2150 35
2150 2310 60
2310 1140 65
1140 2750 27
2750 2444 54
2444 459 39
459 1924 41
1924 690 59
690 50 56
50 1667 76
1667 1790 69
1790 1501 42
1501 2905 56
2905 2048 13
2048 1720 78
1720 1277 30
1277 353 86
353 49 36
49 2277 40
2277 2575 58
2575 805 43
805 460 63
460 2321 56
2321 2904 82
2904 2411 78
2411 903 86
903 2244 73
2244 2215 1
2215 1079 31
1079 836 52
836 2615 23
2615 2587 32
2587 1577 19
1577 1211 8
1211 2886 20
2886 570 38
570 435 46
435 2649 1
2649 499 22
499 2879 33
2879 1756 96
1756 1154 52
1154 2407 65
2407 1855 47
1855 1057 64
1057 2659 25
2659 698 11
698 643 8
643 2043 22
2043 1214 25
1214 2681 65
2681 638 71
638 1225 86
1225 1908 54
1908 1469 11
1469 1882 22
1882 2224 35
2224 2990 52
2990 54 14
54 1741 21
1741 2892 18
2892 2729 10
2729 1144 9
1144 2727 34
2727 1472 95
1472 811 57
811 1879 75
1879 854 52
854 1200 36
1200 2498 66
2498 1470 49
1470 197 59
197 1875 56
1875 558 30
558 312 24
312 1086 73
1086 2549 46
2549 1204 2
1204 1270 97
1270 2459 15
2459 220 39
220 2426 48
2426 531 10
531 1896 47
1896 372 25
372 837 50
837 1105 70
1105 1088 42
1088 923 43
923 676 47
676 1664 84
1664 2704 77
2704 1903 34
1903 103 74
103 2952 60
2952 2134 36
2134 1542 69
1542 2625 38
2625 2568 73
2568 1365 2
1365 730 16
730 2763 95
2763 2166 54
2166 2954 63
2954 1476 64
1476 835 89
835 2013 11
2013 2439 64
2439 1172 38
1172 354 70
354 1003 61
1003 2319 74
2319 2838 75
2838 34 90
34 713 75
713 1535 70
1535 493 58
493 2988 14
2988 2770 58
2770 689 24
689 2238 80
2238 2020 6
2020 1697 73
1697 509 45
509 1834 16
1834 2307 21
2307 1631 64
1631 160 60
160 1707 51
1707 2465 7
2465 2574 6
2574 2012 39
2012 340 22
340 2702 2
2702 2252 74
2252 2948 91
2948 2493 82
2493 31 95
31 907 13
907 254 25
254 1351 28
1351 706 87
706 2792 54
2792 2283 73
2283 1625 42
1625 294 5
294 2293 97
2293 1736 33
1736 1030 84
1030 1145 97
1145 1113 80
1113 1880 41
1880 1373 66
1373 2007 24
2007 1483 38
1483 1498 64
1498 1321 4
1321 286 64
286 1434 60
1434 2735 96
2735 2358 81
2358 2749 25
2749 1737 81
1 625 3
1 2356 75
1783 257 4
257 1987 2
1987 2945 88
2945 177 42
177 2430 21
2430 2970 88
2970 367 94
367 2640 90
2640 2756 91
2756 473 67
473 2304 46
2304 304 90
304 1946 82
1946 627 13
627 94 82
94 1309 87
1309 331 25
331 1222 84
1222 2626 31
2626 2920 25
2920 1825 43
1825 273 59
273 2658 32
2658 1523 58
1523 2880 83
2880 2676 60
2676 631 14
631 1464 29
1464 1931 90
1931 1344 20
1344 865 48
865 1114 27
1114 1677 48
1677 2213 1
2213 1062 66
1062 1838 44
1838 1854 88
1854 955 68
955 2609 63
2609 2101 32
2101 672 90
672 393 18
393 2153 92
343 2945 51
1950 311 30
311 307 68
307 1179 47
1179 736 26
736 1943 21
1943 2485 53
2485 1735 48
1735 79 56
79 2456 24
2456 2505 42
2505 1821 42
1821 2725 50
2725 2348 48
2348 2906 51
2906 2845 81
2845 163 84
163 152 27
152 298 48
298 355 69
355 2745 13
2745 895 70
895 1149 50
1149 434 29
434 2285 73
2285 125 88
125 2972 14
2972 1405 25
1405 2279 24
2279 2381 54
2381 1479 14
1479 1274 0
1274 178 34
178 2263 5
2263 1095 61
1095 161 53
161 2744 40
2744 583 30
583 1011 60
1011 472 13
472 1984 37
1984 1449 8
1449 1673 68
1673 2530 34
2530 2536 24
2536 362 52
362 1285 38
1285 140 18
140 1500 10
1500 1949 61
1949 896 61
896 2054 26
2054 857 90
857 1682 41
1682 2818 33
2818 74 30
74 1374 89
1374 877 96
877 1620 72
1620 281 4
281 695 48
695 191 43
191 743 13
743 35 50
35 2466 37
2466 2375 24
2375 1638 88
1638 369 59
369 2801 5
2801 1428 10
1428 1552 90
1552 1776 6
1776 2925 20
2925 1128 51
1128 2903 90
2903 2085 20
2085 1433 29
1433 2913 8
1870 2744 78
1389 1236 57
1389 194 51
1389 2665 10
2665 2547 36
2547 2282 19
2665 2897 66
2897 2522 40
194 1384 68
1389 2558 86
1384 527 74
2522 1245 48
2558 2847 51
2547 882 15
1384 176 81
1384 2331 88
1389 131 12
2847 280 46
2522 606 52
527 2517 52
2547 2680 39
2897 653 57
131 2927 7
2331 2398 23
882 1324 18
1389 2717 8
2558 832 75
606 801 29
1324 2203 80
2398 2191 85
2897 2864 49
2282 442 51
2282 2555 90
882 265 52
2897 741 75
2203 596 1
832 870 92
2191 1156 45
1236 1788 69
2680 2199 49
2950 2522 88
898 2469 41
898 2406 76
898 1016 83
898 1051 0
898 2206 54
898 571 57
898 2256 10
898 2489 51
898 1525 0
898 1983 47
898 159 91
898 2652 49
898 1487 7
898 2193 28
898 918 21
898 2907 69
898 1586 53
898 1029 76
898 2281 85
898 251 46
898 1524 65
898 2966 95
898 218 69
898 1579 16
898 642 71
898 2721 72
898 909 97
898 443 26
898 1553 76
898 569 35
898 450 52
898 1341 85
898 739 95
898 1130 45
898 560 42
898 2935 34
898 711 73
898 662 73
898 2297 2
898 2056 25
898 145 10
898 2330 28
898 155 38
898 1976 72
898 1243 39
898 365 84
898 336 36
898 915 64
898 1601 97
1581 2206 17
462 1566 10
1566 1954 89
1566 1831 76
1831 1246 86
1954 581 56
581 887 53
1246 1251 33
1246 420 72
887 944 58
1954 2118 29
1251 2921 61
1831 2169 28
1251 1085 82
1085 769 38
887 1830 9
420 1096 13
944 2176 69
2169 2733 92
1830 742 5
1954 934 38
934 2928 28
462 8 5
934 2409 83
2118 77 41
420 2065 64
1085 2772 41
742 1170 89
2921 2837 12
420 2284 18
2176 2391 52
944 2610 95
420 426 26
1246 1521 7
2409 2175 9
8 753 67
1251 1971 68
1566 339 12
1521 2751 35
1246 344 26
2928 1084 91
2284 1467 59
2169 2290 47
1971 2675 12
2290 984 59
2751 1056 84
769 2340 2
2675 2392 55
2409 1491 94
1084 2372 55
2175 2314 51
2409 663 28
2176 2518 64
2610 994 24
934 2509 34
934 1438 12
344 1362 92
887 2242 29
1362 1617 93
420 118 18
1438 2878 51
1170 788 19
2928 143 78
984 69 49
8 488 88
8 507 85
1170 1439 29
2392 2888 29
2733 479 15
1467 2086 55
1438 1496 89
2175 1714 10
479 12 29
2837 1509 36
1467 2816 47
2928 636 55
1467 2870 56
2314 1637 17
934 926 48
2176 902 37
2791 2242 75
1771 2303 87
1771 605 38
605 2127 68
605 2415 53
2303 1835 33
1835 2366 61
2127 407 5
407 2991 10
605 1654 66
2991 2040 75
605 2573 29
2573 2545 35
1835 752 43
2366 1578 46
2573 758 57
1654 2642 10
2991 2457 52
2642 697 58
2457 2135 16
752 1429 77
2457 1693 15
697 2957 41
1693 2668 78
1578 1446 25
1446 2378 48
2135 1812 91
2957 1049 35
2957 1092 91
2135 1499 30
1812 2197 57
1693 1110 71
1110 1906 32
1092 1522 55
1049 1824 18
1824 952 90
1499 1536 16
1110 423 12
1110 1314 4
423 310 8
1536 1816 49
310 2933 45
310 2232 50
423 1497 34
2232 1436 43
423 705 64
1497 2177 61
2232 1963 88
1436 673 96
1497 2598 66
2598 2651 1
1436 2883 44
2232 138 66
2177 133 56
2883 28 2
705 830 1
2598 2357 61
2883 2850 96
2357 1739 91
133 2339 80
2883 1473 64
2850 2688 43
138 1283 16
2688 1070 26
2339 2893 28
1060 2668 73
912 48 75
912 2911 46
912 2131 70
912 2851 96
912 52 38
912 217 53
912 2023 19
912 2113 77
912 474 90
912 2267 91
912 2178 19
912 1733 2
912 1745 20
912 2724 84
912 2775 69
912 2909 58
912 455 55
912 2010 47
912 980 53
912 394 20
912 1661 53
912 2519 95
912 1781 75
912 1700 48
912 1595 82
912 1773 18
912 1974 73
912 1901 66
912 990 71
912 1539 3
912 1502 18
912 391 45
912 2901 24
912 1964 32
912 844 9
912 1398 26
912 1302 12
912 757 93
912 1036 92
912 792 93
912 2562 80
912 2435 59
912 2069 55
912 324 21
912 856 74
912 548 63
912 1359 93
912 1632 19
470 757 51
319 2491 53
319 2605 54
2491 2586 29
2491 2421 64
2605 1966 54
2605 1763 79
2586 992 9
2586 2917 19
2421 1019 54
2421 2451 52
1966 1607 30
1966 700 17
1763 1257 31
1763 2311 8
992 514 75
992 1284 54
2917 378 13
2917 68 10
1019 323 60
1019 2781 63
2451 2488 65
2451 1403 96
1607 2268 5
1607 554 56
700 814 32
700 1793 31
1257 1842 47
1257 1271 28
2311 1199 0
2311 1444 74
514 2445 75
514 946 64
1284 2144 47
1284 969 75
378 1869 16
378 797 2
68 2332 31
68 1993 15
323 2352 93
323 2514 33
2781 1040 49
2781 207 45
2488 1041 48
2488 226 8
1403 683 65
1403 2386 8
2268 2956 79
2268 2075 34
554 37 16
554 109 35
814 2241 28
814 2272 84
1793 650 81
1793 595 31
1842 300 22
1842 1760 69
1271 709 72
1271 853 59
1199 2589 97
1199 1645 41
1908 2311 6
1616 1392 4
1616 619 61
1392 2109 0
1392 225 22
619 1928 93
619 1962 66
2109 1782 9
2109 2715 10
225 986 47
225 409 81
1928 2015 85
1928 2462 6
1962 2746 32
1962 777 78
1782 1604 64
1782 2347 28
2715 1450 54
2715 2122 7
986 1766 11
986 2155 83
409 2797 14
409 2077 17
2015 2630 40
2015 1867 37
2462 150 65
2462 2647 44
2746 484 7
2746 1134 28
777 1437 60
777 1237 46
1604 945 32
1604 2955 55
2347 2455 11
2347 2817 28
1450 2079 62
1450 760 58
2122 577 72
2122 1876 2
1766 1912 76
1766 541 19
2155 1244 73
2155 1081 42
2797 795 11
2797 392 56
2077 2441 47
2077 2005 59
2630 2686 54
2630 1423 77
1867 911 92
1867 1409 43
150 2115 88
150 1914 94
2647 2753 41
2647 1037 16
484 2497 16
484 2655 91
1134 2874 54
1134 782 52
1437 972 63
1437 491 83
1237 2683 56
1237 2944 44
945 408 17
945 2705 95
2955 2969 96
2955 2806 82
2455 2560 30
2455 2799 27
2817 2776 5
2817 1317 52
2079 2483 57
2079 2855 90
374 2483 48
1743 272 89
1743 269 25
1743 639 78
1743 2039 51
1743 517 92
1743 2761 83
1743 136 57
1743 2873 89
1743 2083 11
1743 1711 28
1743 1400 81
1743 702 60
1743 948 77
1743 1440 21
1743 45 50
1743 105 34
1743 2102 91
1743 858 16
1743 658 92
1743 913 44
1743 1017 62
1743 2931 67
1743 704 94
1743 2755 43
1743 2192 44
1743 1219 74
1743 2826 1
1743 40 31
1743 439 24
1743 1563 67
1743 623 74
1743 2754 77
1463 2102 34
526 2582 54
526 938 87
2582 649 68
2582 2916 73
938 249 42
938 826 27
649 2924 35
649 2460 67
2916 122 80
2916 250 44
249 2743 43
249 2579 65
826 776 40
826 436 10
2924 1550 16
2924 2403 89
2460 2532 74
2460 1863 55
122 2151 9
122 1780 75
250 2613 72
250 1241 70
2743 1806 49
2743 921 95
2579 127 77
2579 373 9
776 1592 94
776 2684 59
436 746 49
436 1634 20
1550 621 6
1550 1382 85
2403 2623 2
2403 292 60
2532 2805 21
2532 1184 75
1863 2059 36
1863 1495 25
2151 412 48
2151 982 41
1780 1457 94
1780 1794 77
2613 2588 14
2613 2621 2
1241 414 71
1241 1642 9
1806 1751 70
1806 215 97
921 1929 95
921 2174 86
127 2461 29
127 299 41
373 1380 12
373 2202 55
1592 1125 97
1592 1605 53
2684 2543 88
2684 1958 50
746 1418 73
746 2641 84
1634 566 32
696 2621 32
1909 1480 48
1909 2937 54
1909 822 56
1909 293 74
1909 563 77
1909 1452 95
1909 1180 59
1909 2926 67
1909 1167 72
1909 1504 75
1909 227 51
1909 2342 52
1909 2852 53
1909 2787 81
1909 646 25
1909 1004 6
1909 2138 40
1909 2288 80
1909 2526 64
1909 1419 15
1909 57 60
1909 1352 33
1909 2757 10
1909 1256 25
1909 712 79
1909 2006 85
1909 1308 27
1909 1694 96
1909 2947 58
1909 198 41
1909 2974 81
1909 1640 26
1909 733 11
1909 2762 91
1909 1844 41
1909 859 17
1909 1311 36
1909 24 53
1909 2450 31
1909 2275 32
1909 1071 7
1909 2698 46
1909 92 51
1909 2183 74
1909 1864 43
2012 1909 15
1555 1046 63
1046 686 78
686 1992 76
1992 222 40
222 2900 87
2900 2985 68
2985 1627 4
1627 1961 79
1961 1893 97
1893 1775 31
1775 476 35
476 275 19
275 892 74
892 684 45
684 612 42
612 2216 5
2216 1668 44
1668 2533 56
2533 732 15
732 2774 82
2774 425 31
425 2499 3
2499 2047 82
2047 53 43
53 416 60
416 1878 25
1878 2635 47
2635 2620 79
2620 2670 92
2670 1968 96
1968 284 34
284 1227 56
1227 2643 62
2643 1759 77
1759 687 4
687 2170 32
2170 55 73
55 1712 31
1712 1960 15
1960 2026 20
2026 2168 31
2168 1188 44
1188 2584 37
2584 1725 38
1725 1910 4
1910 2669 79
2669 2141 69
2141 174 57
174 2672 2
2672 2938 59
2938 302 96
302 2831 62
2831 1425 54
1425 111 82
111 1482 28
1482 2673 52
2673 1846 35
1846 1815 63
1815 100 96
100 2959 23
2959 2964 45
2964 1486 5
1486 771 50
771 2306 33
2306 2752 79
2752 2482 15
2482 2470 72
2470 1292 1
546 732 95
2262 1162 46
2262 1075 44
1162 2149 43
1162 1511 84
1075 2546 47
1075 1375 19
2149 2812 69
2149 1348 39
1511 522 61
1511 2182 61
2546 991 31
2546 2674 49
1375 2656 42
1375 2032 63
2812 1391 54
2812 2992 75
1348 1383 91
1348 503 57
522 1119 93
522 2861 84
2182 635 14
2182 1626 54
991 62 4
991 1142 75
2674 2353 15
2674 729 33
2656 124 83
2656 2802 3
2032 966 80
2032 1608 22
1391 453 81
1391 2067 22
2992 1597 87
2992 440 22
1383 2894 26
1383 632 69
503 2592 40
503 1387 52
1119 2929 52
1119 1957 42
2861 1952 37
2861 2045 18
635 2765 68
635 2265 49
1626 259 0
1626 723 48
62 1515 51
62 1886 62
1142 973 61
1142 80 69
2353 2468 53
2353 2915 49
729 2759 26
729 1126 93
124 1685 52
124 1288 54
2802 1116 22
2802 2983 63
966 358 93
2919 503 7
1624 2476 60
2476 845 49
845 781 40
2476 2120 75
1624 2960 74
1624 2287 1
2476 2496 74
2287 1687 94
845 134 96
1687 2747 72
2960 489 68
1687 1318 80
489 137 97
2496 1415 82
781 2116 47
2287 1315 43
2496 2336 34
2496 1159 6
2476 537 79
845 2049 32
1687 2918 15
1315 2561 85
1315 2953 23
2561 1111 54
1687 2405 47
2476 10 16
1318 839 42
845 1192 17
2476 66 75
781 885 6
845 2156 39
1315 2859 29
2120 1887 95
1318 553 67
845 370 31
845 1338 93
2049 2041 22
137 1706 30
2116 1689 14
839 634 66
1689 722 83
1159 1191 86
2287 1138 55
137 285 62
2747 78 52
845 572 7
839 1850 90
537 2196 12
2561 2161 35
1192 779 44
2161 188 60
1850 258 80
2953 2258 18
2258 487 7
188 2914 51
1706 1414 94
66 920 75
2116 1477 95
137 2593 71
2287 2977 42
2918 962 53
10 535 38
2914 2388 65
375 1689 80
721 2140 67
2140 1248 0
1248 341 53
341 1955 61
341 6 54
1955 1264 49
341 2891 68
1248 1020 70
2891 2107 59
2140 985 68
1955 2871 42
1264 332 39
332 947 81
721 765 23
341 2157 10
947 1678 17
1678 770 82
1678 2510 28
2107 1918 17
2140 184 53
332 2634 73
2107 157 77
770 1716 13
1020 2064 49
2634 1860 0
1020 2289 89
157 492 81
1020 2576 64
1716 744 18
1678 1326 42
2510 2941 4
1020 2512 78
1326 2237 48
985 2195 66
2871 864 21
6 2201 38
2871 1024 13
864 2447 6
1264 1320 55
184 1826 87
184 1416 19
2064 2814 65
1995 1248 52
2250 2942 4
2942 602 30
2250 1218 25
2250 618 38
618 2309 49
2942 364 44
618 2540 53
602 510 17
364 228 12
618 5 75
2250 2995 93
228 71 44
510 2104 34
228 213 70
5 2099 29
2540 356 37
2540 2210 91
213 1215 66
602 424 14
213 1390 53
356 659 94
213 1305 26
1218 592 91
364 2884 22
2884 351 6
424 186 85
424 988 61
2540 1397 83
71 1135 48
2942 1560 3
1135 1064 27
351 1688 1
2995 2515 18
1397 2432 47
2540 692 17
659 2038 66
2210 261 10
618 405 74
1688 2922 42
414 213 81
2143 519 2
2143 1967 33
1967 2368 49
2368 1230 35
1230 1709 17
2143 2002 21
2002 2846 73
1230 2875 64
2875 2188 44
2188 449 19
2002 20 46
1967 2858 68
2368 2145 86
2846 827 39
2858 1925 69
827 1484 58
827 917 72
20 402 50
1925 1681 70
917 223 71
20 244 18
2858 1750 29
827 2827 22
1484 107 0
1925 775 81
775 485 75
2827 99 73
1681 1748 81
1748 185 30
485 1797 28
2827 2419 74
185 1475 22
1797 2165 34
107 2741 64
1475 1121 91
2741 2537 18
2165 699 17
185 1920 7
1121 2662 61
2662 2112 34
699 910 52
2112 2092 97
753 20 57
0 0 2148 1139 692 492 2863 2340 2229 134 0 0 2650 110 0 2981 1447 833 0 1509 1589 830 0 1311 0 2645 1101 138 1951 818 1864 0 483 0 0 1367 1631 1455 329 2826 0 738 2618 0 704 585 221 1977 0 0 0 2068 0 0 0 559 1640 0 1044 1431 1124 0 1446 1047 377 1791 1854 2781 2175 0 2099 2700 0 0 2095 2962 1084 741 1433 2915 763 2565 693 620 1032 0 276 0 550 1411 1023 0 0 1207 2644 1478 2243 1228 0 0 1132 1505 0 899 1632 2066 0 2400 877 14 0 1652 2483 0 0 464 1152 462 1409 1547 0 261 204 2759 0 868 1929 2679 1485 568 1516 0 705 10 2825 1711 2977 28 1304 0 1456 1042 0 0 0 1013 1769 1837 271 1962 1268 0 1804 2240 1553 979 1264 0 1340 0 0 0 1029 2121 1981 2296 806 1839 0 2160 1161 0 601 0 1783 1788 0 1243 381 880 1175 1106 2433 721 0 2995 0 2837 593 0 1199 1512 641 2176 1177 237 0 0 2967 0 1421 0 205 123 203 388 0 803 852 2142 1684 1868 0 725 1359 0 2131 1179 2351 0 47 1815 1484 2550 465 2586 822 0 1477 2722 2294 1710 1347 0 1306 2080 196 2280 1610 2464 349 861 523 1251 1082 0 2678 2553 0 0 2057 1330 1973 0 1738 0 1825 0 1391 574 122 0 0 580 1324 1342 2654 954 2403 1586 149 1302 0 0 416 87 0 1497 1658 2717 2268 2810 0 0 1191 0 0 2123 1301 2402 2249 621 0 1071 2815 997 1195 0 826 700 655 1668 2221 0 0 1063 918 338 2637 1160 0 0 2428 1719 0 986 906 399 1469 1574 0 724 1403 2010 1884 1576 0 1767 39 828 1503 0 1526 1459 2690 894 1282 308 2928 0 1046 0 1146 1056 2703 1027 2600 0 241 370 2537 540 0 0 0 2582 2133 2983 543 2958 376 0 0 0 0 1465 0 1692 0 350 0 0 2743 0 2595 361 65 1284 0 1209 179 0 2119 0 2771 2313 983 206 1357 1178 948 2155 0 2178 0 1519 538 1043 318 0 807 2888 448 0 1780 1394 0 2806 541 2779 1729 2623 0 0 2939 275 2567 456 1686 2675 1703 1819 0 1362 0 984 848 1580 0 665 524 1354 1350 571 0 649 789 1926 1563 0 0 839 909 1035 0 1732 842 403 0 1130 2042 0 2067 0 990 418 0 0 0 0 2868 118 1905 116 225 2689 996 1612 1772 2467 1059 0 0 0 0 2670 0 0 742 1399 1801 1874 33 2647 2188 1740 2049 2827 0 1939 1134 6 0 1635 0 1247 679 1805 0 2604 0 1291 0 2716 0 2106 0 1916 0 1560 1430 2369 1267 0 2147 1073 2579 1796 1305 2116 1911 0 243 431 2343 0 2496 1356 2908 1752 0 1206 630 0 1454 0 0 397 1231 352 409 1795 359 2611 759 2037 0 2873 0 89 0 1659 1831 2272 1281 0 2785 0 56 2652 2417 0 2342 780 1441 0 2903 130 1487 0 434 1624 1904 260 1328 0 2441 1417 0 264 944 0 1760 2561 46 0 2902 0 0 1753 2971 602 189 2022 695 2847 726 767 0 1378 173 592 0 1112 749 1245 2156 1123 1559 1808 1066 2752 0 2011 624 2361 1298 0 0 84 292 2286 2916 615 0 1940 0 1202 1871 533 0 2353 2606 2859 2045 2314 0 0 792 0 193 739 0 2580 1856 1452 0 0 436 1645 2422 1866 0 1181 301 1413 2070 1440 910 2632 1928 2935 0 2259 430 755 2685 1564 2452 0 0 1143 2127 1213 1587 0 737 762 497 1530 1008 975 0 1482 734 1292 0 2009 0 0 1406 5 83 1546 595 2820 2545 0 1135 300 1583 856 0 45 133 1909 0 2228 2974 1596 2297 0 0 1669 1722 904 2577 2968 0 0 184 0 2265 322 214 597 1451 2738 1685 0 0 0 1504 685 1442 743 677 42 642 2736 78 479 736 1961 1814 0 2446 0 605 2955 1644 1092 2921 0 666 890 0 0 545 2932 1234 678 81 2836 0 2720 598 2919 1642 0 1627 1715 1568 1698 1681 0 1081 834 2960 564 2796 2115 0 0 917 1833 2219 801 437 2979 2527 639 1051 2245 1244 0 1869 0 0 2860 788 2291 208 2248 0 167 401 928 2356 1579 0 0 2529 2488 0 0 840 30 1174 1648 1039 227 2146 2204 2380 299 1475 330 1843 22 2322 994 18 778 0 0 0 0 442 817 0 447 1216 1398 0 0 2989 427 2578 1565 1749 209 1966 0 2513 702 0 0 2947 0 242 1573 2274 2941 2200 0 2253 126 2024 2391 951 0 1422 0 0 1746 109 0 2667 180 2093 2558 2612 1702 2756 1078 0 2872 1269 756 2449 0 2795 336 0 0 0 0 104 1840 1554 1954 0 716 2821 317 0 1848 443 659 2462 0 2755 1168 2056 1726 785 307 0 2041 1380 2500 0 0 2591 1439 2060 808 1787 1693 0 1080 2261 2518 1151 0 0 0 2154 2768 0 1994 0 581 1766 1086 0 391 0 0 871 2197 2333 268 1150 1331 0 0 0 1458 2808 2747 2379 0 2211 0 2364 0 0 0 1506 2683 1886 2494 682 2484 0 0 156 2435 2991 2909 387 426 2064 316 2278 2460 1196 455 1126 2358 1995 832 2982 467 296 0 1537 0 2190 2413 0 1256 1336 2162 2551 681 1602 2599 2406 2984 146 0 0 2949 2931 0 2956 0 1176 2473 91 2237 2316 0 346 1203 163 0 2431 85 0 0 444 0 1185 2832 821 2451 0 142 398 59 0 341 64 2187 2135 2973 793 0 0 0 2404 344 0 2384 471 1238 2454 0 306 2368 1089 611 1249 0 1349 1816 294 0 516 2867 2512 0 0 886 0 932 777 245 1490 77 2284 946 1404 0 1065 0 1862 752 1934 1937 1638 2751 1323 0 1677 0 27 1754 2833 2887 2456 182 0 0 0 0 2914 604 0 0 1363 2674 2371 2339 0 0 2165 1198 608 61 1958 991 1360 1444 1255 450 2164 101 0 491 699 1517 1761 2258 4 0 1407 0 672 0 0 343 2569 2021 0 955 935 117 1883 1673 2300 2610 0 2366 0 310 171 0 1358 2167 2344 1728 2926 914 0 1491 1540 0 2677 819 181 1021 195 390 218 2852 654 0 0 0 1037 0 1395 0 0 1312 285 2282 0 0 297 989 2030 1122 191 0 1313 628 1028 0 2701 532 94 1388 380 0 0 2843 674 0 2724 843 1991 1863 2761 2789 1641 0 0 1588 0 2506 0 98 1933 2858 539 0 0 761 2414 1850 0 1060 0 2824 0 1600 178 795 606 0 496 2182 1067 0 244 2961 2360 0 1129 1004 0 1755 0 2479 0 1280 0 157 1647 2328 513 151 889 0 2801 0 2798 0 2661 1723 0 0 1401 1262 555 337 2893 378 0 0 1919 0 0 2000 502 686 2418 1466 2773 2440 0 617 0 0 289 272 0 139 519 235 1820 2288 0 1569 24 1190 1201 2014 2336 1913 2799 0 2481 2107 0 2264 1097 265 0 1860 1768 575 2793 252 956 0 2074 2987 0 1005 2803 0 1847 159 2330 266 1989 2603 2355 2889 233 0 1069 433 0 2787 2008 432 1858 528 389 1163 215 1127 0 424 1115 0 0 1786 36 0 0 2061 0 0 2698 0 2861 2458 2695 600 0 921 2648 2562 0 1830 0 0 2592 1208 1706 2143 259 0 1852 406 1187 2234 0 844 480 0 1279 0 323 1087 0 691 1141 1488 119 1613 90 1562 656 2120 2117 1826 578 1634 2138 0 201 873 1914 2566 0 2179 1979 0 1578 511 60 0 79 0 2653 0 2655 0 926 658 565 735 2408 1128 0 63 17 2130 0 0 727 646 0 535 38 141 1495 960 334 1671 2463 2159 2051 0 366 1294 2392 2495 319 0 2475 0 2782 2058 827 0 229 96 2913 0 2769 684 0 223 129 0 569 1408 2912 1083 1170 2783 2349 0 1457 2509 278 0 0 0 0 1974 331 733 102 971 2266 0 20 2443 2802 192 0 2365 2656 131 1136 0 396 2367 2118 2415 1987 2966 2807 333 0 2345 2271 680 2760 0 2225 0 0 2850 999 0 2519 1171 0 0 1978 1594 0 694 120 1771 1670 2532 0 1735 155 901 1678 2217 2732 0 609 510 1997 1412 439 668 850 0 2581 773 1310 0 2088 2804 862 320 2055 326 0 1429 810 428 0 0 701 0 2817 270 675 1224 21 2180 2791 0 2480 1544 0 710 0 2082 2740 1242 1976 1009 1941 0 2202 1897 2589 1952 0 239 2035 468 1410 0 1812 0 0 2346 0 1842 0 1802 0 572 0 2765 771 2631 2980 1891 37 105 1845 1418 494 2212 2878 1095 2559 57 1221 769 0 751 650 2539 1265 820 2260 1799 0 112 0 0 1718 0 2208 279 552 2842 2775 0 0 0 0 0 0 302 714 1549 1460 0 1154 0 1836 2194 1099 1555 0 2940 775 0 1828 211 729 419 2161 0 0 0 0 368 930 0 0 2025 0 774 2544 2039 1930 884 421 0 2218 1389 0 0 2405 232 136 0 0 2665 772 0 2247 1655 314 0 0 715 1276 2594 0 916 2508 1166 411 2714 0 446 2851 2844 1552 0 2144 255 2232 486 0 2778 2174 2350 1773 876 0 2922 851 1797 0 530 590 1102 1258 0 2429 0 0 583 1137 0 0 2819 2255 945 328 1327 147 2046 1548 469 1745 0 2964 2348 0 0 2416 405 2032 2005 175 0 0 1366 929 176 0 0 66 0 0 2059 542 518 1750 2410 1650 2563 481 1622 2397 153 498 0 2185 610 2731 0 0 1615 2295 745 222 1070 2326 0 422 1307 0 0 0 1963 257 1416 2602 1683 2477 1384 553 0 786 0 2040 1675 148 0 168 900 1887 1620 829 2762 1633 0 1339 908 2764 1236 2516 1393 0 67 0 645 2854 1355 0 1326 0 1091 1218 31 2709 652 2686 212 797 0 629 2126 0 482 0 2776 1948 0 0 0 0 0 1153 325 0 973 1841 2423 0 0 1630 2853 2186 0 0 0 1606 0 2239 2535 0 0 0 573 463 2502 2763 0 706 0 521 2944 1316 1423 2800 508 2469 0 1287 2662 2788 2337 0 0 2588 438 2663 661 127 1701 2730 0 1229 1093 2281 0 1094 2230 490 626 1603 2834 0 2835 2318 0 0 1877 0 2489 29 1608 0 902 0 0 2069 1125 0 0 744 150 1824 0 0 853 0 0 2657 0 0 0 253 1502 2692 1601 48 1543 1427 2198 165 0 0 0 2531 0 1523 2387 1343 2053 1217 2959 2352 942 993 2137 1561 0 2590 1290 0 0 0 0 1782 0 0 1353 688 324 614 0 0 1314 0 0 0 2031 0 0 1148 594 2911 869 1696 0 0 0 0 1197 2018 1781 2132 0 1611 0 546 2151 1700 1835 920 451 0 0 635 1770 2216 0 487 0 1463 2758 1990 2075 1575 915 251 1474 1794 927 1370 0 0 985 0 106 453 52 1957 657 0 0 0 1333 2054 2711 0 0 0 236 2876 1598 0 2660 0 0 2236 1571 0 0 0 2169 881 0 75 0 0 0 71 2849 0 0 2895 2250 2564 506 1320 0 0 0 0 2145 2149 2401 782 520 1415 1521 383 1414 164 2560 288 2794 0 1872 673 2614 2453 1448 217 2033 357 0 1049 0 1996 1419 0 2576 0 210 1390 1737 2112 823 515 3 2113 0 2038 0 0 939 392 607 2891 0 1462 170 1687 1006 0 1131 1121 0 1164 0 2092 2900 0 0 2486 1743 69 194 2651 394 1426 1590 0 1248 0 2552 1807 1893 1048 485 2767 1001 2953 0 2845 1676 2201 2372 952 1980 0 865 2195 1605 2680 824 2474 0 2299 1657 0 2515 965 1636 0 2270 0 2047 1556 1705 787 0 303 2231 0 0 1533 0 0 708 9 1938 2222 1739 0 1396 0 2087 1024 0 1899 154 2386 0 97 0 794 2934 1717 804 291 2104 0 0 867 0 1765 2725 2707 1138 664 1649 933 0 0 1322 723 1507 0 281 0 2214 1529 554 2777 863 0 2487 0 987 0 238 1935 1192 0 1085 2925 622 2864 1308 0 2733 802 0 0 231 1813 166 711 2472 2207 1155 2696 0 2816 0 2541 0 0 0 2884 0 0 0 386 636 2616 1025 0 1945 0 2710 0 831 0 2739 0 1817 0 1266 0 1341 0 0 953 0 0 1315 1922 2855 1118 8 0 563 525 1165 1528 1618 2969 1776 1493 1744 219 1993 632 0 1345 809 0 992 2866 1253 616 2829 0 967 1514 1158 1520 1064 512 0 1117 2196 0 0 0 0 0 0 963 825 0 0 0 1058 2420 2241 1988 2522 2548 2976 870 1467 0 0 2437 0 1803 2517 0 108 2114 290 269 1055 1709 1011 0 1443 0 1798 0 0 1002 1235 1522 1779 561 1293 2741 2385 0 651 1888 0 0 0 0 313 1757 0 1031 0 183 0 980 0 2395 2896 0 1296 577 2619 1510 0 2749 747 2510 0 891 0 1040 669 2129 1061 0 1105 0 1376 0 988 2543 911 1461 240 0 0 470 2929 1917 0 0 2298 1022 2205 1471 0 1829 0 1260 1593 1319 0 113 976 0 2173 2276 814 1950 2728 0 2786 0 974 1468 527 2753 0 0 922 0 1906 0 0 0 1226 0 1727 1496 2447 0 1075 855 0 2210 1851 2398 934 1539 0 0 2388 2682 0 2766 2757 791 0 813 0 1985 1550 0 0 1900 0 351 0 1646 0 2305 2687 2461 1699 697 0 0 2389 0 224 1007 2184 248 0 0 0 2719 882 1639 2122 584 1382 1800 2105 82 1424 417 0 1147 0 2737 2907 0 0 0 2140 717 849 517 644 1567 356 2811 0 0 226 0 1925 1607 1999 925 1387 2927 1724 375 0 2950 0 1010 347 0 1827 1344 500 0 633 0 0 0 1156 544 883 0 2128 0 2315 0 43 2442 0 0 0 412 2840 0 0 0 0 0 0 1628 660 2780 2871 0 0 309 0 0 0 2684 2883 0 95 26 0 484 1381 0 13 2177 560 1435 267 1437 1515 1969 0 0 2084 1275 1920 1927 0 1714 0 879 0 0 476 0 0 0 1116 420 0 1173 247 128 2203 0 2523 972 2641 667 1867 2542 0 466 335 0 1975 0 0 1377 2301 2856 1373 2978 72 1205 2917 345 0 0 0 2257 0 1865 2320 2076 0 0 1730 0 504 280 0 2557 766 0 230 0 1215 2256 0 0 2490 0 1931 1809 1557 2290 0 0 740 2571 728 2324 1599 2419 0 373 0 0 0 962 0 2445 0 1096 612 2497 0 913 885 2526 2052 124 1531 1219 1844 1907 1849 1626 2525 2189 940 1481 0 385 2870 1295 0 1661 1876 2273 1742 410 2633 68 1473 1492 0 557 2492 1352 1921 1220 0 1591 0 1329 2124 893 781 0 1273 1317 1915 1271 1511 1337 1572 0 408 1525 961 0 282 2583 2894 0 0 295 2303 1585 0 1764 696 905 2965 0 1240 135 40 488 0 2362 0 0 1038 1103 1942 1944 764 188 0 0 2624 0 1660 1212 1734 2193 2875 596 0 2100 1536 1733 1180 1892 1857 2338 2697 0 1230 634 800 1375 0 7 2287 0 2359 1074 461 0 2772 2634 888 548 0 2846 2081 0 1637 0 0 0 0 2642 2309 0 0 1104 402 1346 0 2157 0 1283 2812 2103 2438 0 0 0 2170 0 587 567 0 0 0 2572 529 982 0 2023 1489 1479 1111 80 623 2702 0 768 0 753 1748 0 2942 2285 1167 2593 339 2468 0 1017 760 0 2246 662 0 0 0 415 1680 864 2924 0 1912 0 0 859 0 1016 2597 0 0 2191 0 750 1019 0 360 1992 779 1252 76 0 1775 2822 1524 199 718 2347 0 591 0 1050 709 0 2390 137 2699 790 1629 16 995 358 1012 0 0 1334 0 847 0 981 0 0 0 186 0
